0.775901 85
17.037396 1
0.100497 1
0.104795 1
0.098879 1
1.064322 4
0.499960 1
0.116763 1
1.674496 1
1.321725 1
0.454127 1
0.373338 1
0.165467 1
0.453300 1
0.375879 1
0.101485 1
1.237829 1
0.533762 1
0.121248 1
0.658124 1
0.288517 1
0.113617 1
0.208821 1
0.156246 1
0.153520 1
0.122057 1
0.149372 1
0.195576 1
0.141034 1
0.290265 1
1.241885 1
0.382384 1
0.139873 1
0.103498 1
1.631052 1
0.183685 1
0.180046 1
0.149499 1
1.739956 9
1.381993 9
0.104363 9
0.130052 9
1.151642 9
0.078736 9
2.134364 11
17.670025 8
0.000009 77
30.133854 1
0.121824 1
0.056027 1
0.455140 1
0.784507 1
0.091102 1
0.864539 20
0.588711 2
0.000035 9
0.004201 7109
0.000069 8192
0.000031 3359
0.000014 832
0.000008 342
0.000023 410
0.000013 964
0.000010 570
0.000009 328
0.000010 387
0.000011 440
0.000010 163
0.006143 1314
0.000049 4095
0.002720 8192
0.000049 4095
0.000039 4095
0.000036 4095
0.000137 4095
0.000067 8192
0.000148 8192
0.000058 8192
0.000021 3388
0.000112 1206
0.000058 8192
0.000040 4713
0.000124 2231
0.000061 8192
0.000040 4039
0.000119 2471
0.000056 8192
0.000103 8029
0.000164 5168
0.000109 8192
0.000091 8192
0.000119 8192
0.000090 8192
0.000097 8192
0.000155 8192
0.000063 8192
0.000154 8192
0.000058 8192
0.000096 2366
0.000053 7647
0.000019 3250
0.000024 1141
0.000015 2116
0.000011 741
0.000022 537
0.000109 598
0.000059 8192
0.000017 2674
0.000022 1021
0.000012 1134
0.000018 1433
0.000008 310
0.000098 841
0.000060 6682
0.000030 2715
0.000014 1616
0.000009 316
0.000008 113
0.000026 1174
0.000014 1738
0.000011 939
0.000012 492
0.000077 1135
0.000061 6512
0.000033 1164
0.000030 743
0.000020 2234
0.000015 849
0.000030 545
0.000017 1751
0.000011 880
0.000011 930
0.000029 1133
0.000019 2643
0.000027 1337
0.000020 2217
0.000028 1224
0.000019 2615
0.000015 1098
0.000026 1057
0.000018 1807
0.000013 919
0.000026 911
0.000022 2080
0.000030 1772
0.000025 3931
0.000024 921
0.000018 2460
0.000011 610
0.000029 1176
0.000022 2857
0.000028 1598
0.000039 3153
0.000017 1738
0.000012 921
0.000012 773
0.000024 567
0.000017 1164
0.000012 576
0.000014 1212
0.000012 659
0.000026 919
0.000015 1393
0.000011 714
0.000011 604
0.000023 770
0.000012 797
0.000014 985
0.000011 562
0.000014 1030
0.000025 902
0.000017 1716
0.000015 760
0.000011 641
0.000031 1627
0.000018 1876
0.000015 1066
0.000024 506
0.000021 2706
0.000026 1371
0.000017 1781
0.000015 782
0.000010 685
0.000023 754
0.000015 1964
0.000011 967
0.000040 2214
0.000017 2075
0.000015 750
0.000020 282
0.000014 1564
0.000009 420
0.000010 413
0.000011 997
0.000021 561
0.000013 1261
0.000011 646
0.000010 543
0.008656 618
0.000078 4095
0.023130 8192
0.000058 4095
0.000026 4095
0.000041 8192
0.000023 4247
0.000016 806
0.000012 2219
0.000008 772
0.000008 627
0.000034 510
0.000079 5078
0.000014 2490
0.000084 692
0.000057 8192
0.000025 5060
0.000059 1276
0.000146 8192
0.000111 8192
0.000044 8192
0.000095 7440
0.000120 4657
0.000100 8192
0.000087 8192
0.000040 8192
0.000019 2906
0.000010 2084
0.000006 670
0.000157 7238
0.000039 8192
0.000020 3382
0.000010 1460
0.000019 635
0.000009 1528
0.000007 511
0.000006 258
0.000009 448
0.000009 453
0.000008 183
0.000007 331
0.000013 346
0.000008 594
0.000008 506
0.000006 137
0.000006 463
0.000006 561
0.000007 1048
0.000006 444
0.000013 616
0.000009 849
0.000067 650
0.001643 4095
0.000052 8192
0.000101 8061
0.000121 8192
0.000285 4095
0.000027 4095
0.000039 8192
0.000036 8192
0.000038 8192
0.000022 5184
0.000018 2223
0.000010 1671
0.000007 931
0.000008 586
0.000015 522
0.000010 2159
0.000007 681
0.000006 761
0.000013 841
0.000011 1553
0.000007 694
0.000007 508
0.000015 1308
0.000010 1782
0.000006 650
0.000006 803
0.000013 628
0.000009 1535
0.000006 184
0.000009 1451
0.000012 475
0.000027 1544
0.000026 3472
0.000010 1594
0.000008 990
0.000014 985
0.000009 1602
0.000006 463
0.000006 752
0.000014 930
0.000008 1645
0.000007 603
0.000006 725
0.000006 573
0.000013 884
0.000009 1745
0.000007 770
0.000006 567
0.000012 574
0.000009 2070
0.000009 1086
0.000006 489
0.000030 946
0.000010 2224
0.000008 735
0.000013 664
0.000008 1078
0.000006 571
0.000006 618
0.000007 523
0.000006 792
0.000006 360
0.000013 464
0.000067 4387
0.000011 2610
0.000015 816
0.000011 1818
0.000006 445
0.000006 579
0.000006 763
0.000015 590
0.000008 1126
0.000007 659
0.000006 598
0.000006 530
0.000007 700
0.000013 836
0.000009 1766
0.000007 460
0.000006 763
0.000006 544
0.000016 331
0.000007 888
0.000006 670
0.000007 777
0.000079 2730
0.000021 3060
0.000009 1457
0.000008 682
0.000006 347
0.000008 769
0.000005 321
0.000015 966
0.000008 1359
0.000006 598
0.000007 467
0.000006 584
0.000007 467
0.000027 1538
0.000009 1711
0.000006 463
0.000013 812
0.000009 1050
0.000012 467
0.000037 2211
0.000010 1782
0.000006 567
0.000007 592
0.000007 465
0.000016 816
0.000007 1041
0.000009 332
0.000007 493
0.000006 359
0.000007 797
0.000006 794
0.000016 1107
0.000009 1325
0.000007 612
0.000006 630
0.000015 1085
0.000009 1009
0.000009 1310
0.000008 453
0.000017 1001
0.000009 1265
0.000005 494
0.000007 653
0.000006 478
0.000013 735
0.000023 1882
0.000019 1761
0.000030 1495
0.000012 2924
0.000015 789
0.000010 1665
0.000006 429
0.000007 590
0.000016 1033
0.000010 1389
0.000008 465
0.000007 681
0.000007 776
0.000007 447
0.000029 582
0.000011 2514
0.000007 688
0.000007 568
0.000013 474
0.000008 1156
0.000007 917
0.000022 1039
0.000047 1033
0.000023 5133
0.000009 1646
0.000009 388
0.000007 357
0.000047 687
0.000023 4668
0.000010 2040
0.000006 689
0.000012 667
0.000009 1356
0.000006 455
0.000006 560
0.000006 558
0.000007 789
0.000014 793
0.000007 645
0.000007 575
0.000006 448
0.000006 694
0.000008 893
0.000013 926
0.000009 1540
0.000006 556
0.000006 570
0.000006 409
0.000013 736
0.000012 1934
0.000007 646
0.000010 657
0.000015 1253
0.000010 2156
0.000007 612
0.000012 816
0.000009 1520
0.000006 589
0.000008 839
0.000006 678
0.000016 979
0.000008 1453
0.000007 708
0.000157 8192
0.000036 8192
0.000029 4637
0.000042 1632
0.000009 1383
0.000009 758
0.000007 724
0.000012 323
0.000009 1395
0.000006 737
0.000006 645
0.000007 685
0.000015 889
0.000008 648
0.000006 596
0.000007 774
0.000007 470
0.000015 529
0.000019 1060
0.000008 1279
0.000006 524
0.000006 697
0.000007 639
0.000013 775
0.000007 700
0.000007 738
0.000007 789
0.000007 504
0.000007 972
0.000012 457
0.000008 1473
0.000006 364
0.000007 600
0.000006 622
0.000014 735
0.000011 906
0.000007 649
0.000006 571
0.000007 641
0.000007 461
0.000007 719
0.000012 492
0.000008 1337
0.000006 419
0.000006 599
0.000006 464
0.000229 4095
0.000066 8192
0.000067 8192
0.000087 8192
0.000043 8192
0.000061 8192
0.000035 5293
0.000011 2086
0.000014 451
0.000008 1074
0.000013 536
0.000010 1318
0.000007 643
0.000006 626
0.000007 625
0.000005 434
0.000013 497
0.000009 1092
0.000006 683
0.000007 599
0.000006 470
0.000006 526
0.000013 544
0.000007 1143
0.000018 737
0.000019 1667
0.000018 1225
0.000008 788
0.000008 335
0.000007 545
0.000009 321
0.000006 372
0.000005 364
0.000006 362
0.000012 266
0.000009 805
0.000007 905
0.000006 409
0.000006 335
0.000008 520
0.000005 368
0.000006 466
0.000013 518
0.000009 1062
0.000006 653
0.000006 552
0.000006 455
0.000007 611
0.000013 797
0.000007 580
0.000006 468
0.000006 298
0.000063 474
0.000048 8192
0.000021 4907
0.000016 2249
0.000009 1655
0.000012 543
0.000032 1519
0.000020 1313
0.000006 749
0.000009 439
0.000006 619
0.000016 1003
0.000011 1818
0.000006 587
0.000007 450
0.000014 917
0.000010 1409
0.000006 467
0.000007 699
0.000006 537
0.000012 443
0.000008 1126
0.000005 412
0.000007 666
0.000007 429
0.000006 327
0.000006 244
0.000006 672
0.000014 744
0.000008 563
0.000006 609
0.000007 685
0.000006 317
0.000007 366
0.000006 208
0.000006 398
0.000015 514
0.000006 631
0.000008 784
0.000006 684
0.000006 430
0.000008 502
0.000007 462
0.000006 353
0.000012 410
0.000009 1606
0.000006 770
0.000007 544
0.000006 519
0.000015 629
0.000006 683
0.000007 635
0.000016 635
0.000026 2234
0.000007 931
0.000007 415
0.000006 470
0.000007 516
0.000007 323
0.000006 444
0.000006 387
0.000017 1127
0.000007 1026
0.000006 356
0.000010 953
0.000006 534
0.000012 539
0.000008 893
0.000007 261
0.000006 450
0.000006 439
0.000007 757
0.000006 358
0.000019 519
0.000016 1618
0.000008 1426
0.000006 439
0.000006 714
0.000012 453
0.000009 1535
0.000032 1857
0.000021 715
0.000020 2338
0.000011 1115
0.000014 308
0.000008 999
0.000006 535
0.000006 381
0.000006 527
0.000006 734
0.000007 489
0.000014 502
0.000009 1041
0.000006 328
0.000007 380
0.000008 661
0.000006 308
0.000008 553
0.000006 438
0.000015 350
0.000012 1937
0.000005 371
0.000008 490
0.000007 870
0.000013 571
0.000006 749
0.000007 623
0.000006 666
0.000006 443
0.000007 566
0.000005 408
0.000013 464
0.000012 1455
0.000006 274
0.000090 5978
0.000026 2747
0.000011 1639
0.000020 1287
0.000008 933
0.000007 819
0.000007 314
0.000006 685
0.000015 709
0.000008 899
0.000006 384
0.000016 1124
0.000023 615
0.000030 2444
0.000010 1416
0.000036 1000
0.000010 1963
0.000009 733
0.000009 357
0.000006 372
0.000015 697
0.000009 1099
0.000007 796
0.000006 390
0.000008 933
0.000007 635
0.000015 467
0.000010 1335
0.000006 385
0.000006 638
0.000005 388
0.000008 403
0.000008 458
0.000015 1251
0.000009 1316
0.000008 716
0.000006 445
0.000005 203
0.000014 352
0.000007 566
0.000005 369
0.000007 588
0.000024 80
0.000020 2521
0.000010 1096
0.000006 402
0.000007 536
0.000014 640
0.000007 712
0.000007 151
0.000006 291
0.000013 396
0.000008 359
0.000006 300
0.000007 685
0.000007 541
0.000010 153
0.000006 408
0.000006 464
0.000006 408
0.000007 235
0.000005 216
0.000014 127
0.000009 952
0.000008 689
0.000006 485
0.000007 154
0.000016 142
0.000042 1780
0.000012 2283
0.000071 1789
0.000016 3874
0.000015 841
0.000011 1127
0.000009 663
0.000006 431
0.000009 449
0.000007 423
0.000014 340
0.000008 1296
0.000007 591
0.000006 615
0.000005 354
0.000007 693
0.000013 679
0.000010 1091
0.000005 241
0.000007 1042
0.000006 368
0.000006 591
0.000006 360
0.000014 1035
0.000008 1390
0.000007 782
0.000008 718
0.000013 693
0.000008 1208
0.000006 635
0.000006 486
0.000007 551
0.000006 549
0.000013 610
0.000010 1098
0.000006 610
0.000009 671
0.000006 425
0.000007 734
0.000013 671
0.000009 976
0.000006 549
0.000006 610
0.000007 344
0.000005 22
0.000022 1525
0.000006 535
0.000008 505
0.000005 335
0.000006 166
0.000007 585
0.000006 486
0.000006 682
0.000006 380
0.000014 562
0.000007 1082
0.000007 319
0.000006 469
0.000005 213
0.000008 883
0.000006 486
0.000017 717
0.000008 827
0.000005 290
0.000006 392
0.000007 151
0.000006 455
0.000006 375
0.000005 130
0.000007 641
0.000014 847
0.000009 1576
0.000006 722
0.000008 770
0.000015 615
0.000008 1362
0.000006 481
0.000007 858
0.000006 523
0.000006 548
0.000015 536
0.000009 1717
0.000008 1037
0.000007 540
0.000013 461
0.000008 1178
0.000006 263
0.000006 679
0.000006 387
0.000007 702
0.000014 956
0.000009 1498
0.000006 668
0.000006 471
0.000005 132
0.000005 209
0.000006 421
0.000014 691
0.000008 1248
0.000006 618
0.000007 744
0.000006 322
0.000339 85
13.548626 26
0.255974 63
1.038132 11
1.968973 85
25.291166 1
0.609169 1
0.091269 1
0.159964 1
1.358994 1
0.319273 1
0.153967 1
0.167506 1
0.083208 1
1.815750 1
0.802586 1
0.350235 1
0.311986 4
0.158953 1
3.065808 1
1.847775 1
2.435094 1
0.147801 1
0.537306 1
0.143026 1
0.158244 1
1.920071 1
0.688937 1
0.112204 1
0.139395 1
1.580651 1
1.036621 1
1.185930 1
1.174092 1
0.331448 1
0.136815 1
0.594714 1
0.302648 1
0.101224 1
0.237039 1
0.143756 1
0.150323 1
0.123599 1
0.142332 1
0.189551 1
0.138843 1
0.218094 1
0.427267 1
1.924519 1
0.065720 1
0.140316 1
0.684589 1
1.432052 1
0.117149 1
0.131281 1
1.053345 1
0.126558 1
0.483855 1
0.117649 1
0.150618 1
0.207297 1
1.918020 1
0.941109 1
0.836554 1
2.023063 1
0.607011 11
0.000267 11
0.000177 8
0.000061 77
26.524111 1
0.109974 1
0.397792 1
0.163891 1
0.308800 11
0.000349 96
0.000364 85
3.185527 1
0.088106 1
0.149040 1
0.041361 1
0.640529 1
0.172397 12
1.433378 1
0.132059 7
0.353216 2
0.000013 9
0.012836 23
0.000260 8
0.000009 77
46.054916 1
0.196271 1
0.384504 4
0.202936 4
0.160202 1
0.985956 1
0.062736 1
0.185006 1
0.219543 1
0.457726 11
0.000123 8
0.000013 77
3.521796 1
0.198843 1
0.234316 1
0.168445 1
0.181083 1
0.064406 1
0.851351 1
0.202631 1
0.134972 1
0.504390 1
0.763297 1
0.557545 11
0.000680 11
0.000484 8
0.000117 77
1.392248 1
0.206900 1
0.580779 4
0.140835 4
0.195467 1
0.137149 1
0.112318 1
0.166801 1
0.136296 1
0.138633 1
1.197408 1
0.088329 1
0.284528 1
0.155047 1
0.857754 4
0.154752 4
0.165858 4
0.158966 4
0.410121 1
0.140254 1
0.229707 1
0.117856 1
0.157209 1
0.818143 1
0.537036 4
0.476779 1
1.348087 11
0.000809 11
0.000657 8
0.000214 77
1.584677 1
0.086113 1
0.518876 1
0.200636 1
0.130386 2
0.000069 9
0.000207 87
0.000370 8
0.000051 77
32.858467 1
0.169568 1
0.231091 1
0.142450 1
0.564809 1
0.816283 1
0.575035 1
0.084098 1
0.821952 1
0.416420 1
0.622691 1
0.368436 11
0.000444 43
0.000113 8
0.000075 77
2.077594 1
0.089342 1
0.608476 1
0.146504 1
0.184710 11
0.000115 83
0.000103 2
0.000275 8
0.000031 77
19.494211 1
0.183589 1
0.094627 1
0.379736 1
0.688672 4
0.123624 1
0.153890 1
1.775372 1
0.110971 1
0.241615 1
0.891528 1
0.329517 1
1.143662 1
0.492910 1
0.441935 1
0.112562 1
0.113364 1
0.368942 4
0.098103 1
0.337677 11
0.004113 7
0.001369 248
0.000061 179
0.000078 152
0.000031 88
0.000023 61
0.000050 112
0.000025 137
0.000060 197
0.000049 193
0.000028 71
0.000023 72
0.000025 119
0.000047 124
0.000028 139
0.000025 60
0.000026 145
0.000049 125
0.000044 75
0.000026 43
0.000022 40
0.000022 60
0.000025 136
0.000027 91
0.000024 102
0.000045 130
0.000021 47
0.000086 14
0.000109 100
0.000048 21
0.000081 154
0.000053 14
0.000053 8
0.000028 21
0.000088 164
0.000120 62
0.000026 22
0.001329 165
0.000035 147
0.000022 73
0.000045 105
0.000023 54
0.000041 87
0.000077 124
0.000041 83
0.000022 35
0.000021 44
0.000051 107
0.000046 80
0.000026 89
0.000042 79
0.000023 39
0.000021 52
0.000022 61
0.000040 110
0.000027 58
0.000024 110
0.000056 92
0.000027 124
0.000025 60
0.000024 57
0.000022 61
0.000027 125
0.000081 305
0.000026 74
0.000057 182
0.000024 51
0.000030 55
0.000031 103
0.000021 118
0.000047 108
0.000026 51
0.000022 120
0.000099 198
0.000036 84
0.000028 95
0.000025 61
0.000025 37
0.000024 31
0.000094 17
0.000096 16
0.000071 32
0.000540 24
0.000030 13
0.000447 32
0.000040 22
0.000271 8
0.000055 23
0.000407 6
0.000094 23
0.000247 8
0.000026 18
0.000065 19
0.000041 23
0.000292 28
0.000011 50
0.000243 15
0.000011 20
0.000073 170
0.000010 151
0.000011 19
0.000011 71
0.000020 24
0.000037 55
0.000019 33
0.000234 202
0.000013 160
0.000009 79
0.000020 127
0.000036 310
0.000009 73
0.000012 59
0.000008 77
0.000008 59
0.000008 57
0.000008 51
0.000008 49
0.000008 54
0.000009 54
0.000008 41
0.000009 58
0.000018 152
0.000010 23
0.000009 63
0.000029 46
0.000256 65
0.000020 51
0.000256 150
0.000028 28
0.000023 43
0.000009 2
0.000051 140
0.000019 216
0.000025 29
0.000047 93
0.000009 81
0.000018 36
0.000018 20
0.000009 41
0.000019 12
0.000011 2
0.000010 43
0.000011 12
0.000010 16
0.000226 45
0.000032 28
0.000210 38
0.000024 33
0.000214 13
0.000022 13
0.000030 114
0.000021 24
0.000046 81
0.000038 226
0.000013 25
0.000031 22
0.000233 27
0.000030 28
0.000022 42
0.000010 27
0.000030 68
0.000010 13
0.000032 57
0.000011 24
0.000032 27
0.000021 31
0.000019 18
0.000039 2
0.000013 17
0.000023 37
0.000007 16
0.000211 47
0.000018 27
0.000228 52
0.000016 28
0.000286 147
0.000010 66
0.000007 109
0.000017 146
0.000007 80
0.000025 22
0.000286 68
0.000008 75
0.000017 119
0.000032 25
0.000251 185
0.000007 91
0.000033 25
0.000217 9
0.000013 25
0.000200 9
0.000012 2
0.000006 23
0.000198 9
0.000012 2
0.000005 23
0.000198 9
0.000012 2
0.000006 23
0.000198 23
0.000012 2
0.000005 23
0.000136 181
0.000009 92
0.000008 175
0.000023 25
0.000080 20
0.000012 2
0.000005 23
0.000072 9
0.000021 25
0.000076 9
0.000017 25
0.000081 20
0.000019 25
0.000078 9
0.000018 25
0.000078 22
0.000019 25
0.000089 183
0.000025 25
0.000077 9
0.000018 25
0.000089 144
0.000026 25
0.000075 18
0.000018 25
0.000093 206
0.000024 25
0.000123 181
0.000008 82
0.000027 25
0.000095 177
0.000025 25
0.000108 63
0.000010 25
0.000063 26
0.000018 25
0.000079 9
0.000019 25
0.000074 9
0.000022 25
0.000065 9
0.000019 25
0.000077 89
0.000024 25
0.000070 34
0.000020 25
0.000069 9
0.000025 25
0.000079 88
0.000020 25
0.000069 9
0.000024 25
0.000066 9
0.000019 25
0.000071 9
0.000015 25
0.000124 180
0.000009 131
0.000007 29
0.000014 158
0.000018 25
0.000069 18
0.000015 25
0.000073 9
0.000015 25
0.000088 153
0.000021 25
0.000073 9
0.000039 25
0.000051 9
0.000017 25
0.000078 26
0.000015 25
0.000074 9
0.000014 25
0.000077 9
0.000014 25
0.000087 25
0.000260 117
0.000017 21
0.000370 82
0.000014 152
0.000013 103
0.000007 41
0.000008 91
0.000007 80
0.000014 139
0.000019 161
0.000008 55
0.000006 44
0.000015 109
0.000008 86
0.000015 143
0.000008 58
0.000007 51
0.000007 60
0.000023 25
0.000021 10
0.000017 34
0.000195 15
0.000014 21
0.000197 21
0.000007 23
0.000096 229
0.000015 229
0.000014 214
0.000008 60
0.000037 70
0.000008 159
0.000020 16
0.000008 22
0.000008 20
0.000025 72
0.000006 2
0.000014 19
0.000006 2
0.000007 20
0.000198 10
0.000014 21
0.000200 18
0.000014 14
0.000033 127
0.000007 67
0.000016 25
0.000223 18
0.000306 41
0.000058 21
0.000015 21
0.000199 22
0.000016 16
0.000017 47
0.000026 25
0.000046 99
0.000014 260
0.000016 261
0.000006 37
0.000029 56
0.000016 31
0.000027 14
0.000016 25
0.000201 22
0.000016 23
0.000006 6
0.000014 17
0.000048 65
0.000013 132
0.000013 77
0.000012 24
0.000197 17
0.000021 18
0.000186 13
0.000014 14
0.000212 69
0.000010 37
0.000212 38
0.000015 36
0.000216 73
0.000008 29
0.000203 22
0.000008 14
0.000218 95
0.000008 36
0.000214 17
0.000014 43
0.000210 61
0.000018 34
0.000210 17
0.000026 41
0.000216 86
0.000008 14
0.000350 189
0.000126 24
0.000008 15
0.000203 14
0.000007 28
0.000212 28
0.000006 21
0.000031 53
0.000012 6
0.000025 22
0.000210 11
0.000006 15
0.000017 32
0.000011 26
0.000161 96
0.000017 215
0.000011 156
0.000011 150
0.000010 94
0.000036 52
0.000009 673
0.000006 112
0.000011 114
0.000005 24
0.000009 102
0.000005 66
0.000006 58
0.000006 62
0.000005 121
0.000006 151
0.000010 43
0.000006 155
0.000024 22
0.000153 139
0.000007 123
0.000006 171
0.000005 59
0.000006 127
0.000005 107
0.000005 51
0.000005 79
0.000010 89
0.000016 49
0.000006 43
0.000012 145
0.000011 107
0.000006 111
0.000011 126
0.000005 23
0.000006 90
0.000006 54
0.000006 100
0.000006 64
0.000007 57
0.000008 152
0.000006 91
0.000011 148
0.000026 163
0.000007 220
0.000011 58
0.000016 15
0.000030 74
0.000012 2
0.000006 23
0.000018 81
0.000012 13
0.000215 20
0.000014 23
0.000212 14
0.000031 131
0.000027 19
0.000192 9
0.000015 24
0.000015 16
0.000012 26
0.000201 9
0.000008 25
0.000022 9
0.000007 20
0.000020 9
0.000008 23
0.000020 9
0.000007 17
0.000020 14
0.000008 21
0.000228 22
0.000022 31
0.000227 151
0.000009 31
0.000228 15
0.000016 14
0.000017 28
0.000048 15
0.000010 32
0.000018 15
0.000229 23
0.000015 16
0.000236 157
0.000014 13
0.000225 8
0.000022 20
0.000212 17
0.000220 20
0.000008 17
0.000022 34
0.000007 12
0.000233 12
0.000007 2
0.000008 15
0.000222 10
0.000020 26
0.000198 12
0.000008 14
0.000207 15
0.000009 16
0.000066 131
0.000009 49
0.000014 142
0.000013 106
0.000008 15
0.000016 25
0.000232 70
0.000020 32
0.000211 31
0.000208 33
0.000214 133
0.000026 45
0.000206 47
0.000210 42
0.000204 46
0.000108 48
0.000109 43
0.000077 44
0.000078 46
0.000077 41
0.000073 39
0.000073 24
0.000250 6
0.000016 17
0.000227 14
0.000016 18
0.000032 125
0.000015 30
0.000232 8
0.000014 30
0.000229 8
0.000009 16
0.000212 72
0.000017 34
0.000202 6
0.000008 26
0.000210 6
0.000008 27
0.000210 101
0.000009 25
0.000227 33
0.000026 26
0.000200 17
0.000018 24
0.000223 6
0.000009 14
0.000212 13
0.000008 20
0.000026 87
0.000008 19
0.000023 10
0.000008 26
0.000016 18
0.000013 15
0.000218 17
0.000008 20
0.000226 21
0.000022 46
0.000009 30
0.000066 185
0.000010 131
0.000017 18
0.000219 29
0.000018 33
0.000226 26
0.000014 31
0.000229 26
0.000008 18
0.000204 36
0.000014 36
0.000220 18
0.000014 34
0.000233 38
0.000016 21
0.000036 186
0.000018 22
0.000216 14
0.000016 35
0.000204 20
0.000034 149
0.000012 144
0.000013 46
0.000008 24
0.000018 51
0.000013 14
0.000232 65
0.000015 18
0.000227 83
0.000022 27
0.000206 16
0.000015 18
0.000230 83
0.000015 27
0.000212 16
0.000008 18
0.000213 83
0.000011 27
0.000209 16
0.000010 24
0.000211 18
0.000009 30
0.000234 7
0.000066 36
0.001600 506
0.000009 238
0.000009 138
0.000007 232
0.000006 82
0.000017 542
0.000008 232
0.000006 52
0.000028 230
0.000012 556
0.000008 176
0.000005 52
0.000026 630
0.000013 228
0.000008 164
0.000007 146
0.000006 190
0.000013 198
0.000032 552
0.000011 166
0.000007 334
0.000007 104
0.000006 298
0.000037 522
0.000008 346
0.000007 148
0.000008 142
0.000006 144
0.000006 148
0.000007 138
0.000005 128
0.000007 140
0.000015 304
0.000007 158
0.000006 138
0.000007 80
0.000006 262
0.000013 180
0.000006 74
0.000038 34
0.000240 7
0.000026 40
0.000425 465
0.000018 279
0.000012 186
0.000012 186
0.000025 186
0.000007 174
0.000037 22
0.000238 12
0.000026 23
0.000225 16
0.000008 34
0.000223 63
0.000022 48
0.000019 27
0.000228 38
0.000013 32
0.000011 30
0.000016 2
0.000006 27
0.000232 30
0.000012 25
0.000013 38
0.000013 29
0.000227 66
0.000016 39
0.000262 40
0.000249 39
0.000217 42
0.000246 35
0.000225 40
0.000220 24
0.000019 90
0.000006 31
0.000024 34
0.000009 35
0.000023 92
0.000755 48
0.000228 46
0.000018 34
0.000201 41
0.000213 43
0.000028 164
0.000009 14
0.000206 43
0.000009 16
0.000227 9
0.000016 24
0.000226 29
0.000009 34
0.000022 24
0.000244 24
0.000239 13
0.000222 20
0.000018 30
0.000015 15
0.000063 141
0.000009 43
0.000015 146
0.000014 77
0.000014 16
0.000201 13
0.000008 14
0.000024 5
0.000020 18
0.000225 12
0.000009 13
0.000022 23
0.000007 19
0.000027 87
0.000008 28
0.000024 87
0.000007 12
0.000207 9
0.000016 20
0.000223 49
0.000009 18
0.000024 38
0.000019 56
0.000008 21
0.000018 40
0.000019 45
0.000007 13
0.000241 175
0.000026 23
0.000200 16
0.000007 2
0.000016 23
0.000207 21
0.000200 16
0.000016 25
0.000216 23
0.000211 19
0.000198 10
0.000008 19
0.000034 145
0.000008 92
0.000016 15
0.000029 78
0.000007 29
0.000018 26
0.000008 28
0.000022 17
0.000913 15
0.000008 20
0.000020 18
0.000007 15
0.000273 189
0.000010 75
0.000041 171
0.000010 77
0.000025 15
0.000048 148
0.000009 55
0.000007 65
0.000019 157
0.000041 15
0.000038 148
0.000007 55
0.000016 175
0.000014 47
0.000022 15
0.000052 148
0.000007 53
0.000007 2
0.000008 131
0.000007 44
0.000008 47
0.002613 2697
0.000073 14
0.000011 30
0.000200 14
0.000017 30
0.000206 14
0.000016 30
0.000224 14
0.000017 14
0.000243 14
0.000233 11
0.000145 27
0.000219 32
0.000015 35
0.000211 12
0.000018 35
0.000232 130
0.000008 132
0.000015 13
0.000024 26
0.000008 26
0.000016 13
0.000017 29
0.000008 19
0.000489 78
0.000013 52
0.000012 39
0.000008 63
0.000007 15
0.000007 39
0.000007 39
0.000008 26
0.000006 52
0.000007 39
0.000007 39
0.000008 39
0.000011 13
0.000011 78
0.000007 39
0.000008 39
0.000008 39
0.000007 39
0.000011 13
0.000006 65
0.000015 78
0.000007 39
0.000008 39
0.000052 104
0.000009 500
0.000007 58
0.000013 157
0.000011 52
0.000013 64
0.000007 80
0.000008 111
0.000008 119
0.000007 55
0.000015 65
0.000007 102
0.000006 90
0.000008 109
0.000014 118
0.000024 177
0.000037 236
0.000007 236
0.000007 102
0.000035 369
0.000019 287
0.000007 165
0.000031 408
0.000008 49
0.000007 95
0.000026 421
0.000008 82
0.000008 79
0.000030 449
0.000008 2
0.000006 71
0.000025 63
0.000007 2
0.000027 19
0.000015 8
0.000013 18
0.000034 133
0.000012 60
0.000010 17
0.000055 172
0.000010 2
0.000005 23
0.000015 24
0.000116 114
0.000011 179
0.000042 383
0.000010 387
0.000013 116
0.000006 52
0.000005 80
0.000007 63
0.000006 67
0.000008 56
0.000006 118
0.000011 93
0.000006 43
0.000007 66
0.000007 110
0.000014 80
0.000007 47
0.000016 19
0.000014 2
0.000007 70
0.000007 2
0.000007 43
0.000043 148
0.000015 120
0.000006 116
0.000013 113
0.000015 147
0.000016 43
0.000007 54
0.000014 21
0.000014 2
0.000006 75
0.000007 43
0.000015 31
0.000006 43
0.000014 20
0.000007 2
0.000006 45
0.000013 102
0.000006 46
0.000160 124
0.000013 101
0.000007 125
0.000006 51
0.000006 127
0.000018 207
0.000011 62
0.000006 166
0.000013 199
0.000054 165
0.000010 573
0.000005 104
0.000007 56
0.000013 52
0.000014 36
0.000006 49
0.000029 100
0.000019 45
0.000214 14
0.000007 44
0.000016 30
0.000007 43
0.000016 51
0.000007 45
0.000022 99
0.000006 45
0.000021 108
0.000015 56
0.000014 103
0.000029 91
0.000030 164
0.000008 155
0.000019 22
0.000031 215
0.000007 24
0.000013 43
0.000021 153
0.000007 49
0.000020 74
0.000007 55
0.000020 98
0.000007 43
0.000016 32
0.000007 43
0.000027 169
0.000018 18
0.000020 8
0.000007 18
0.000019 28
0.000007 21
0.000227 12
0.000008 20
0.000025 26
0.000015 30
0.000038 41
0.000014 21
0.000221 22
0.000036 108
0.000007 115
0.000005 67
0.000012 26
0.000041 17
0.000008 55
0.000016 152
0.000027 28
0.000210 6
0.000014 24
0.000200 51
0.000046 43
0.000172 31
0.000013 23
0.000042 67
0.000007 162
0.000015 25
0.000021 16
0.000014 13
0.000009 26
0.000228 14
0.000026 13
0.000205 21
0.000007 14
0.000019 43
0.000010 33
0.000023 22
0.000205 33
0.000025 24
0.000036 55
0.000035 74
0.000013 80
0.000009 63
0.000050 26
0.000250 77
0.000010 78
0.000006 77
0.000014 148
0.000029 21
0.000208 63
0.000021 19
0.000206 13
0.000016 24
0.000205 19
0.000017 25
0.000206 23
0.000014 19
0.000012 30
0.000017 17
0.000216 25
0.000028 22
0.000198 8
0.000016 24
0.000198 12
0.000006 2
0.000007 22
0.000028 183
0.000008 156
0.000024 17
0.000199 12
0.000015 13
0.000032 112
0.000014 23
0.000116 148
0.000007 170
0.000007 87
0.000012 155
0.000007 80
0.000007 149
0.000007 69
0.000006 109
0.000007 71
0.000017 186
0.000006 123
0.000012 226
0.000011 44
0.000019 19
0.000213 49
0.000016 21
0.000013 6
0.000016 20
0.000209 9
0.000015 2
0.000006 19
0.000251 12
0.000009 19
0.000219 8
0.000019 26
0.000230 67
0.000217 32
0.000030 30
0.000190 65
0.000230 135
