0.016192 8
0.000166 63
34.374134 1
0.102798 1
0.120551 1
0.073007 1
1.110170 1
0.134605 1
0.214675 1
0.106203 1
0.754500 1
0.398666 1
0.131042 1
0.093395 1
1.327791 11
0.000669 28
0.000052 2
0.000323 71
4.225154 12
0.220072 1
0.500951 1
0.028800 1
0.030190 1
0.033939 1
0.030144 1
0.035216 1
0.030861 1
0.030109 1
0.033510 1
0.031841 1
0.030561 1
0.229062 3
0.205307 3
1.057611 22
0.954751 11
0.028583 47
0.000897 78
0.000134 1923
1.249147 33
0.204939 1
0.082455 1
0.141280 31
0.020606 92
0.000059 71
87.509328 1
0.280134 1
0.101757 1
0.096697 1
1.283637 1
0.122151 1
0.171993 1
0.105527 1
0.165345 1
1.055197 1
0.116820 1
0.078301 1
0.747973 11
0.013428 11
0.000092 2
0.000043 15
0.000040 2
0.000025 15
0.000023 2
0.000024 11
0.000023 2
0.000023 11
0.000023 2
0.000024 15
0.000032 2
0.000020 11
0.000020 2
0.000020 15
0.000020 2
0.000331 71
433.830365 1
0.102424 1
0.105721 1
0.166874 1
4.332543 1
1.768568 1
4.140893 1
3.465679 1
0.556334 1
1.865081 1
0.193425 1
0.106738 1
3.272722 1
0.676149 1
2.062489 1
0.676892 1
0.143411 1
0.176777 1
0.135170 1
0.167256 1
0.400009 1
0.111196 1
0.097053 1
0.415780 11
0.001958 46
0.000071 2
0.000378 71
28.734106 23
0.155911 1
0.229151 1
0.174303 1
0.157753 1
0.500659 1
0.030011 1
0.030310 1
0.031208 1
0.030066 1
0.209837 1
0.252293 5
0.674831 5
0.579968 11
0.001689 11
0.000042 2
0.000025 15
0.000021 2
0.000022 15
0.000020 2
0.000066 11
0.000024 2
0.000022 11
0.000021 2
0.000023 11
0.000020 2
0.000022 15
0.000021 2
0.000023 11
0.000021 2
0.000022 15
0.000020 2
0.000303 71
102.918545 25
0.264244 1
0.500076 1
0.030623 1
0.030374 1
0.030485 1
0.030468 1
0.030575 1
0.029266 1
0.030168 1
0.029735 1
0.030344 1
0.030812 1
0.172595 1
0.441849 5
0.186374 5
0.145348 5
0.156978 5
0.141090 5
0.158845 5
0.714058 5
0.284817 5
0.204286 5
0.300240 5
0.051279 5
0.399546 11
0.001897 11
0.000056 2
0.000025 11
0.000022 2
0.000024 15
0.000021 2
0.000022 15
0.000020 2
0.000022 11
0.000020 2
0.000167 11
0.000024 2
0.000023 15
0.000020 2
0.000056 11
0.000021 2
0.000022 15
0.000019 2
0.000286 71
26.298160 24
0.293679 4
0.145879 4
0.148240 4
0.171328 4
0.280874 11
0.002747 11
0.000094 2
0.000042 11
0.000037 2
0.000042 15
0.000039 2
0.000042 15
0.000036 2
0.000041 11
0.000036 2
0.000039 11
0.000036 2
0.000037 15
0.000036 2
0.000037 11
0.000035 2
0.000040 15
0.000036 2
0.000497 71
5.857617 20
0.274515 1
0.500467 1
0.034365 1
0.029902 1
0.033125 1
0.030269 1
0.030019 1
0.030000 1
0.030158 1
0.030328 1
0.030569 1
0.030090 1
0.029958 1
0.029617 1
0.031572 1
0.029162 1
0.030091 1
0.030150 1
0.030224 1
0.030398 1
0.030486 1
0.229744 3
0.500449 3
0.213589 3
0.182488 3
1.124175 5
0.129566 5
0.232082 5
0.314850 11
0.002321 11
0.000142 2
0.000653 71
1.634845 23
0.544485 1
0.602330 1
0.178011 1
0.164564 1
0.170175 1
0.174882 1
0.263770 1
0.204398 1
0.175210 1
0.390839 5
0.169532 5
0.144819 5
0.152517 5
0.135975 5
1.256042 5
1.155174 5
0.269860 5
0.452305 5
0.136230 5
0.130709 5
0.536667 11
0.001810 11
0.000414 2
0.000392 71
5.935870 24
0.166539 1
0.499716 1
0.030386 1
0.029990 1
0.031025 1
0.031137 1
0.030871 1
0.030948 1
0.034311 1
0.030574 1
0.029722 1
0.264970 1
0.173770 1
0.157954 1
0.647758 5
0.533035 3
0.179985 3
0.152029 3
0.128436 3
0.713385 3
0.321840 5
5.272404 5
0.320680 5
0.249342 5
0.590526 5
0.113560 5
0.133409 5
0.232568 5
0.082478 5
0.384038 5
0.606692 5
0.751432 11
0.001803 15
0.000058 2
0.000040 11
0.000034 2
0.000037 11
0.000034 2
0.000038 15
0.000037 2
0.000375 71
76.522512 36
0.337800 1
0.501560 1
0.029875 1
0.030251 1
0.030512 1
0.030480 1
0.030011 1
0.030206 1
0.031056 1
0.030448 1
0.406551 3
0.568979 5
0.500516 5
0.030428 5
0.030234 5
0.030646 5
0.029774 5
0.030022 5
0.030298 5
0.029891 5
0.030083 5
0.031131 5
0.030945 5
0.031153 5
0.243624 5
0.171045 5
0.148142 5
0.368996 5
4.454051 5
0.338842 5
0.297287 5
0.093707 5
0.107528 5
2.882199 5
1.302456 5
2.941916 5
0.360528 5
0.412172 5
0.334030 5
0.124719 5
0.132642 5
0.204915 5
0.097795 5
0.347065 5
2.465342 11
0.001278 15
0.000033 2
0.000031 15
0.000022 2
0.000032 11
0.000021 2
0.000211 71
3.704916 35
0.242616 1
0.499519 1
0.030208 1
0.030166 1
0.029681 1
0.029995 1
0.030309 1
0.029836 1
0.029953 1
0.030621 1
0.030332 1
0.030576 1
0.030937 1
0.030996 1
0.030939 1
0.129605 1
0.181035 1
0.133928 1
0.793041 5
0.415838 11
0.001421 15
0.000036 2
0.000039 11
0.000023 2
0.000216 71
57.183183 36
0.404246 1
0.275165 1
0.189453 1
0.184729 1
0.201179 1
0.500415 1
0.030748 1
0.029570 1
0.033229 1
0.030901 1
0.033238 1
0.030747 1
0.035875 1
0.031768 1
0.032010 1
0.029483 1
0.029896 1
0.029977 1
0.030897 1
0.030212 1
0.030695 1
0.030607 1
0.029845 1
0.030344 1
0.031644 1
0.031978 1
0.030287 1
0.030360 1
0.185866 1
0.352103 3
1.115025 5
0.423920 11
0.001884 51
0.000106 2
0.000387 71
2.629917 37
0.307960 1
0.499616 1
0.029512 1
0.030204 1
0.030430 1
0.030522 1
0.030590 1
0.030748 1
0.030260 1
0.032408 1
0.031932 1
0.029919 1
0.029806 1
0.030107 1
0.030016 1
0.030141 1
0.029725 1
0.030275 1
0.030115 1
0.030445 1
0.030565 1
0.030402 1
0.030411 1
0.029556 1
0.031112 1
0.030399 1
0.030294 1
0.030202 1
0.031043 1
0.442363 3
0.676618 5
1.106973 3
0.514796 5
0.405161 11
0.001680 15
0.000074 2
0.000261 71
1.690266 37
0.408505 1
0.499756 1
0.030311 1
0.029576 1
0.030479 1
0.029420 1
0.029737 1
0.030954 1
0.030065 1
0.030677 1
0.029582 1
0.031468 1
0.029386 1
0.030245 1
0.029972 1
0.235452 1
0.214018 1
0.165439 1
0.151255 1
0.381332 5
0.357350 11
0.001355 71
1.096115 38
0.206053 1
0.499955 1
0.030046 1
0.030432 1
0.240325 1
0.233829 1
0.440627 1
0.486380 3
30.702304 75
0.741759 81
0.344733 1
0.500781 1
0.030115 1
0.030382 1
0.030328 1
0.029871 1
0.030357 1
0.030279 1
2.585375 5
0.704407 5
0.751801 5
0.327701 5
0.361660 5
2.807767 5
0.963588 11
0.001302 58
0.000034 2
0.000200 71
1.742616 40
0.446231 1
0.500314 1
0.030133 1
0.030511 1
0.030469 1
0.030607 1
0.177957 1
0.159791 1
0.906075 5
0.321545 11
0.001532 58
0.000100 2
0.000378 71
13.709456 41
0.398937 1
0.499705 1
0.030383 1
0.031195 1
0.030087 1
0.030008 1
0.236998 1
0.427922 1
0.712677 5
0.425921 4
0.369781 11
0.005870 58
0.000074 2
0.000347 71
12.161036 39
0.605589 1
39.230037 33
0.727867 34
0.498524 55
0.519632 39
0.174940 34
0.168714 37
0.160748 40
0.376474 81
0.883230 81
0.331847 1
0.500638 1
0.030968 1
0.030464 1
0.030450 1
0.030780 1
0.029886 1
0.030179 1
0.029143 1
0.030793 1
0.029895 1
0.030252 1
0.029648 1
0.029859 1
0.029729 1
0.157772 1
0.205639 1
0.170940 1
0.145823 1
0.163239 1
0.827881 3
0.299346 5
0.496146 3
0.499345 3
0.030139 3
0.030778 3
0.030259 3
0.029802 3
0.033728 3
0.189959 3
0.169935 3
0.175150 3
0.879337 5
0.230260 1
0.500092 1
0.029667 1
0.030348 1
0.029323 1
0.030399 1
0.030149 1
0.029890 1
0.029652 1
0.030131 1
0.029982 1
0.030148 1
0.030448 1
0.029522 1
0.030142 1
0.159488 1
0.165141 1
0.140076 1
0.145826 1
0.508447 5
0.330034 3
0.153813 3
0.141772 3
0.153698 3
0.133818 3
0.128664 3
0.525015 5
0.367834 11
0.001539 71
2.680230 38
2.168057 127
0.137186 34
0.160658 37
0.141532 40
0.278410 81
0.201846 159
0.198701 164
0.362785 77
1.325767 77
0.591892 11
0.002196 15
0.000048 2
0.000050 11
0.000044 2
0.000287 71
7.620447 36
0.219214 1
0.500118 1
0.030404 1
0.029589 1
0.030231 1
0.229393 1
1.790761 5
0.239310 5
0.123652 5
4.223613 5
0.260360 11
0.001301 62
0.000034 2
0.000305 71
104.654287 40
0.286291 1
0.615738 1
0.500624 1
0.030432 1
0.030760 1
0.029619 1
0.208687 1
0.405645 3
0.564249 5
0.114359 5
0.182695 5
0.643684 5
0.735299 1
0.311291 1
7.232886 5
2.323940 5
1.227311 5
4.853919 5
0.107661 5
0.051344 5
0.123720 5
1.346629 5
0.143203 5
0.174137 5
0.360610 5
0.642870 5
0.198321 5
0.271792 5
0.162730 5
1.795577 5
1.042988 11
0.001207 11
0.000034 2
0.000054 15
0.000034 2
0.000028 15
0.000020 2
0.000034 11
0.000021 2
0.000023 11
0.000021 2
0.000022 15
0.000020 2
0.000024 11
0.000020 2
0.000022 15
0.000020 2
0.000218 71
31.448477 42
0.401149 1
0.500505 1
0.029856 1
0.030389 1
0.030702 1
0.029386 1
0.030226 1
0.194020 1
1.286091 5
0.145308 5
0.166815 5
0.147092 5
0.145914 5
0.623046 5
0.575167 11
0.001406 11
0.000039 2
0.000034 15
0.000021 2
0.000023 15
0.000020 2
0.000026 11
0.000021 2
0.000021 11
0.000020 2
0.000022 15
0.000020 2
0.000022 11
0.000019 2
0.000022 15
0.000020 2
0.000215 71
23.959909 38
0.209310 1
0.499809 1
0.030326 1
0.030530 1
0.030219 1
0.029922 1
0.030664 1
0.030645 1
0.032500 1
0.031704 1
0.032798 1
0.034481 1
0.031789 1
0.030293 1
0.030796 1
0.030496 1
0.030313 1
0.029870 1
0.192262 1
0.500254 1
0.030559 1
0.030016 1
0.030401 1
0.029966 1
0.030255 1
0.029394 1
0.214368 3
0.213450 3
0.528042 3
0.730633 5
0.259129 3
0.500521 3
0.030769 3
0.030718 3
0.032900 3
0.033096 3
0.032710 3
0.032715 3
0.030318 3
0.131799 3
0.166355 3
0.244313 3
0.256442 5
0.447405 11
0.001327 11
0.000037 2
0.000035 15
0.000034 2
0.000030 15
0.000023 2
0.000033 11
0.000022 2
0.000023 11
0.000021 2
0.000022 15
0.000020 2
0.000023 11
0.000021 2
0.000022 15
0.000020 2
0.000225 71
4.544127 40
0.298116 1
0.499654 1
0.033053 1
0.030277 1
0.030075 1
0.031088 1
0.030395 1
0.169244 1
0.205594 1
0.165989 1
0.239558 1
0.580724 5
0.152410 1
0.184050 1
0.166448 1
0.135455 1
0.149242 1
0.139063 1
0.139568 1
0.152672 1
0.150416 1
1.028719 5
0.216401 1
0.185371 1
0.159641 1
0.152790 1
1.107090 5
0.257696 1
0.164053 1
0.161648 1
0.131407 1
0.391580 1
0.205037 5
1.681361 11
0.001728 11
0.000061 2
0.000036 15
0.000026 2
0.000027 15
0.000023 2
0.000025 11
0.000022 2
0.000024 11
0.000021 2
0.000024 15
0.000020 2
0.000024 11
0.000021 2
0.000023 15
0.000021 2
0.000280 71
8.207439 40
0.263314 1
0.500392 1
0.030383 1
0.029543 1
0.030261 1
0.029935 1
0.184336 1
0.458446 1
0.485723 5
0.146073 5
0.141320 5
0.703476 5
0.216071 11
0.002012 71
1.356569 38
0.544873 1
0.212959 1
0.173650 1
0.147871 1
0.136175 1
0.127733 1
0.147640 1
0.366016 1
6.995903 5
0.881163 5
0.369048 5
1.971785 5
0.335507 5
0.850298 5
2.238811 11
0.001362 11
0.000079 2
0.000048 15
0.000026 2
0.000026 15
0.000034 2
0.000023 11
0.000022 2
0.000024 11
0.000020 2
0.000023 15
0.000020 2
0.000022 11
0.000020 2
0.000023 15
0.000019 2
0.000301 71
14.701979 40
0.247753 1
0.500833 1
0.030420 1
0.030424 1
0.029556 1
0.030044 1
0.030057 1
0.029756 1
0.030838 1
0.030216 1
0.030568 1
0.030579 1
0.029982 1
0.030329 1
0.029980 1
0.030140 1
0.029891 1
0.030269 1
0.161665 1
0.176227 1
0.380042 5
0.246623 1
1.082803 5
0.176016 1
0.500075 1
0.030484 1
0.031118 1
0.030675 1
0.030182 1
0.030588 1
0.420820 1
0.996104 5
0.193217 1
0.236342 1
0.218533 5
0.716274 5
0.339989 3
0.328542 5
0.400455 11
0.002355 11
0.000093 2
0.000040 15
0.000032 2
0.000036 15
0.000032 2
0.000036 11
0.000033 2
0.000037 11
0.000031 2
0.000035 15
0.000031 2
0.000036 11
0.000033 2
0.000034 15
0.000031 2
0.000465 71
78.867392 40
0.446643 1
0.499470 1
0.030975 1
0.030412 1
0.030152 1
0.032267 1
0.030479 1
0.030578 1
0.169812 1
0.536840 3
0.511451 5
0.153579 5
0.705959 5
0.297482 5
0.346049 11
0.001789 71
0.405302 38
0.353594 1
0.500602 1
0.030296 1
0.030260 1
0.030279 1
0.030105 1
0.030188 1
0.030269 1
0.031221 1
0.030175 1
0.030214 1
0.030099 1
0.030235 1
0.031280 1
0.030815 1
0.030632 1
0.030389 1
0.030645 1
0.029535 1
0.030437 1
0.030187 1
0.029379 1
0.030948 1
0.030325 1
0.030358 1
0.029596 1
0.030195 1
0.030490 1
0.030850 1
0.207821 1
0.170897 1
0.351126 5
0.171459 5
0.186477 5
0.477216 11
0.001356 11
0.000038 2
0.000023 15
0.000021 2
0.000021 15
0.000020 2
0.000022 11
0.000019 2
0.000022 11
0.000019 2
0.000021 15
0.000020 2
0.000021 11
0.000020 2
0.000021 15
0.000020 2
0.000217 71
1.666138 35
0.888152 164
0.709264 1
0.744049 4
0.289645 11
0.001854 71
30.820714 38
0.223140 1
0.209435 1
0.161428 1
0.135569 1
0.132198 1
0.118436 1
0.606468 5
0.440947 5
1.150767 1
0.499818 1
0.030254 1
0.031078 1
0.030169 1
0.030548 1
0.030538 1
0.030182 1
0.030099 1
0.030341 1
0.030087 1
0.031116 1
0.977040 1
0.147109 5
0.228476 1
0.499962 1
0.030141 1
0.029783 1
0.031333 1
0.029003 1
0.029621 1
0.029644 1
0.414618 5
0.320583 11
0.001858 71
4.998972 36
0.346176 1
0.500049 1
0.030015 1
0.029581 1
0.031056 1
0.030948 1
0.030892 1
0.030528 1
0.030200 1
0.029905 1
0.031060 1
0.029368 1
0.031031 1
0.031120 1
0.030953 1
0.033056 1
0.029950 1
0.030079 1
0.030132 1
0.029903 1
0.030161 1
0.030303 1
0.029935 1
0.029856 1
0.029637 1
0.030301 1
0.180636 1
0.174222 1
0.138330 1
0.427341 5
0.142981 5
0.159907 5
0.287908 11
0.001236 11
0.000034 2
0.000052 15
0.000022 2
0.000036 11
0.000022 2
0.000176 15
0.000022 2
0.000023 11
0.000020 2
0.000021 15
0.000020 2
0.000213 71
24.214641 1
0.100022 1
0.182267 1
0.085798 1
0.174378 17
