0.016362 8
0.000088 63
29.181444 1
0.127923 1
0.078558 1
1.356736 1
0.284282 1
0.398192 1
0.208370 1
0.242767 1
0.142527 1
0.202837 1
0.663129 4
0.316824 1
1.354893 1
0.106908 1
1.467833 1
0.178509 1
0.173206 1
1.166203 11
0.002099 47
0.000881 79
0.000130 1923
1.385917 14
1.720484 15
0.788591 33
0.320152 1
0.097051 1
0.185646 32
0.019020 92
0.000016 71
272.157062 1
0.204421 1
1.254975 4
0.708914 1
0.748507 1
0.092545 1
0.147421 1
0.137772 1
2.719965 1
0.238513 1
0.522079 1
2.581928 1
0.556984 1
0.260930 9
2.148578 11
0.001730 71
2.416913 1
0.078509 1
17.600219 1
0.247420 9
3.058852 1
0.144223 1
0.165454 1
0.618821 1
0.148122 1
0.193969 1
0.113876 1
0.167768 1
0.851777 1
0.148611 1
0.125429 1
0.251022 11
0.020649 59
0.000073 71
31.451703 23
0.410195 11
0.004353 26
0.000045 71
3.420714 23
0.625479 1
0.358799 1
0.326932 3
0.211321 3
0.451782 1
2.874639 4
0.146860 4
0.143251 4
0.562764 1
0.131669 1
0.135559 1
0.144553 11
0.004271 26
0.000044 71
98.216936 23
0.778544 11
0.004105 26
0.000466 47
0.000037 2
0.000318 71
8.923193 1
0.127201 1
0.224386 1
0.198821 1
0.815860 4
0.126327 1
0.181106 1
0.100119 1
0.566439 4
0.141130 4
0.242365 1
0.115152 1
0.275706 11
0.000641 31
0.000039 2
0.000292 71
166.322016 6
0.712510 29
1.865917 11
0.003648 26
0.000046 71
3.182047 23
0.158161 11
0.003043 26
0.000043 71
67.740584 23
0.156775 11
0.003591 26
0.000058 71
63.161141 23
0.278900 1
0.501120 1
0.030225 1
0.029918 1
0.030039 1
0.029945 1
0.030423 1
0.029618 1
0.030141 1
0.444810 3
0.384717 5
0.166305 5
0.226641 5
0.620951 5
0.105301 5
0.422063 5
0.166402 5
0.252057 5
0.192050 5
0.204445 11
0.003306 26
0.000051 71
12.299450 26
0.244626 1
0.503794 1
0.030189 1
0.030330 1
0.030282 1
0.029286 1
0.250367 1
0.186763 1
0.330358 1
0.226612 1
0.279059 3
0.208558 3
0.373360 5
0.156555 5
0.144552 5
0.148322 5
0.148881 5
0.139015 5
0.785274 5
0.157755 5
0.074737 5
0.752502 5
0.187314 5
0.295992 5
0.932680 5
0.294578 3
0.152896 3
0.146565 3
0.137351 3
0.154849 3
0.120461 3
0.136532 3
0.173993 3
0.494944 4
0.142371 4
0.150801 4
1.023320 1
0.141605 1
0.131705 1
0.285859 11
0.003580 26
0.000086 71
21.400257 1
0.104998 1
0.088206 1
0.681516 1
0.198259 1
1.108270 1
0.193832 8
0.545109 11
0.002881 47
0.000999 68
0.000094 20
0.000124 1291
45.691181 33
0.237058 1
0.088313 1
0.117879 32
0.007542 84
0.000053 71
42.406456 13
0.343527 38
0.546331 11
0.001430 62
0.000036 2
0.000026 27
0.000021 2
0.000197 71
27.127771 25
0.352409 11
0.001715 62
0.000063 2
0.000027 27
0.000021 2
0.000215 71
16.197612 25
0.161202 11
0.003417 26
0.000066 71
7.066185 25
0.143540 70
0.185148 38
0.477928 70
0.390669 11
0.002067 47
0.001610 68
0.000077 19
0.000154 1380
32.272859 33
0.181382 1
0.088589 1
0.139553 32
0.006599 83
0.000233 71
19.700907 1
1.103726 4
40.316694 1
0.168294 1
0.255461 1
0.227320 1
0.918074 1
0.394966 1
0.152160 1
0.225908 1
0.183227 1
0.098213 1
0.162686 1
0.119959 1
0.366878 1
0.167666 1
0.589644 1
0.435173 1
0.116138 1
4.747665 1
0.828633 1
0.418852 1
0.216262 1
0.204835 1
0.275056 1
0.199149 1
0.187344 1
0.305176 1
0.426460 1
0.699594 4
0.354245 1
0.075258 1
0.263256 1
0.357098 1
0.354157 1
0.754765 4
0.524691 1
0.820082 4
0.340239 1
0.184418 1
6.868651 11
0.063069 1
0.000099 41
1.477060 2
0.135921 93
0.000190 350
0.109061 108
0.024594 150
0.000116 7
0.001141 8
2.947608 20
0.000573 71
0.196579 156
0.001466 78
0.256663 42
0.196278 318
0.147831 31
0.728500 71
6.533144 7
0.002099 11
0.021445 59
0.003241 1111
4.983396 404
1.236670 104
134.948874 8
0.000618 12
0.008578 152
0.010382 131
0.000751 105
0.003509 62
0.025725 43
0.000664 24
0.003858 36
0.035667 41
0.000559 32
0.002968 30
0.561079 33
0.000937 30
0.004690 36
0.062174 40
0.000047 15
0.009040 48
0.028073 36
0.001636 47
0.008179 153
0.310873 60
0.000687 29
0.001476 12
16.708338 11
0.000617 18
0.092252 13
0.310762 2
0.009153 317
0.027753 84
0.000518 2
0.005512 34
11.231589 20
0.001269 39
0.117629 16
0.115907 11
1.053691 14
0.172030 1
0.717338 1
1.307520 1
0.712161 11
0.222351 13
0.645197 1
0.750137 11
1.829403 13
1.100517 16
0.422166 16
0.474076 16
0.759254 11
1.806516 1
0.639549 38
0.436909 14
0.189278 1
0.663529 20
0.176591 22
0.145451 22
0.138278 20
1.076624 1
0.405316 20
0.463458 22
0.125915 22
0.097486 22
0.396583 24
0.247201 17
0.357046 1
1.245840 11
0.967658 13
0.280057 13
0.342625 13
0.135656 13
0.139634 13
0.501778 13
0.129670 13
0.247952 13
0.141269 13
0.619387 13
0.177477 13
0.171525 13
0.291056 13
0.338181 13
1.358748 13
0.226166 14
0.147669 1
1.161823 20
0.105814 16
1.600942 1
0.000381 15
0.000239 2
0.000367 81
0.000233 1
0.017947 117
0.000189 3
93.263484 11
0.001140 53
0.091878 11
0.983950 43
0.216548 22
0.474280 22
0.116962 22
0.202340 22
0.109698 22
0.200254 51
0.619915 24
0.000558 34
0.278878 64
0.955049 35
0.069926 35
0.346597 1
0.000028 1
0.000989 45
0.000362 81
0.000341 1
0.018210 121
0.000126 3
152.155695 20
0.000696 51
0.132297 60
0.000720 54
0.252825 37
0.191144 87
0.183991 35
0.256692 21
0.146806 1
0.317505 11
0.893066 13
0.111472 13
0.164008 2
0.002345 23
0.000147 106
0.000250 81
0.000231 1
0.017503 90
0.000114 31
0.000135 3
51.746099 20
0.000497 38
0.087025 35
0.130172 29
0.000697 153
0.115193 1
5.045637 31
1.434835 1
0.586515 1
1.291932 1
0.201941 1
1.415213 3
0.160971 3
0.000921 152
0.151002 31
0.000792 153
1.050230 1
0.708219 1
0.161960 1
1.280088 1
0.864116 1
0.166252 1
0.140596 1
0.190736 1
0.206124 1
0.172593 1
0.181105 1
0.264444 1
0.886302 1
0.158890 1
0.220355 1
0.225676 1
0.183008 1
0.140702 1
1.929099 33
0.389477 1
2.794189 1
0.156092 1
0.311961 5
0.000757 134
0.882705 1
0.149265 1
6.158178 33
0.138942 1
0.528360 1
0.121822 1
0.215726 1
0.138238 1
0.198239 1
0.635863 1
0.110439 1
0.165281 1
5.087924 9
0.310471 11
1.992047 2
0.091591 30
3.854067 2
0.242168 79
0.001492 82
0.005420 82
0.028132 130
2.137936 54
0.137639 64
0.834197 26
0.727760 2
0.003224 71
0.000827 109
0.017581 130
6.559592 20
0.000414 44
0.077181 13
0.096045 15
0.060195 1
1.211255 9
0.159016 11
0.305538 11
0.199724 11
0.631893 11
0.120288 11
0.187533 19
0.517385 11
0.101012 11
0.308277 2
0.018192 11
0.004336 38
0.008972 93
0.002172 1626
0.028144 256
0.000945 1433
8.006001 19
0.109949 26
0.109958 35
0.080446 19
0.101774 51
0.291955 39
0.270326 1
0.073797 1
0.185574 34
0.012537 17
0.000694 14
0.001121 82
0.023304 91
0.000134 36
0.000161 3
1.343725 31
0.161168 100
1.024959 1
0.460186 3
0.224345 1
0.784831 1
0.114079 1
0.181251 1
0.069380 1
0.215572 1
0.654618 1
0.146226 1
0.141320 1
0.171938 2
0.005386 26
0.000217 82
0.017017 130
13.121548 30
0.001179 42
0.004592 30
0.042115 51
0.000715 54
0.002233 26
0.630936 65
0.000880 70
0.002905 16
0.024761 22
0.000772 51
0.009451 65
0.104584 61
0.001301 66
0.003004 26
0.013505 20
0.001079 62
0.002477 70
0.011933 27
0.001088 48
0.001319 56
0.013447 28
0.000978 35
0.001690 30
3.371461 20
0.001289 32
0.004341 30
0.007798 51
0.000874 54
0.001189 26
0.026459 65
0.001108 70
0.002163 16
0.308055 22
0.000739 51
0.008135 65
0.009345 62
0.000734 51
0.006229 52
0.006253 24
0.001518 45
0.004316 42
0.006618 32
0.000721 30
0.004246 41
0.011489 45
0.000762 51
0.004345 42
0.316848 44
0.000736 50
0.004594 40
0.016454 38
0.000792 40
0.003958 35
0.011012 40
0.000549 8
0.003563 30
0.348456 29
0.000977 8
0.004148 35
0.065599 39
0.000997 29
0.003080 40
0.039157 38
0.000800 44
0.002927 48
0.640242 39
0.000644 45
0.002604 49
0.006682 39
0.001175 41
0.003119 30
0.009455 36
0.001001 39
0.005311 52
0.367484 57
0.000967 45
0.008485 57
0.006723 61
0.000857 66
0.002502 26
0.006795 20
0.000935 62
0.002733 70
0.012765 27
0.001829 48
0.002655 56
0.375637 28
0.001037 35
0.001887 30
4.217201 38
0.348822 50
0.281569 100
0.315682 59
0.419190 64
0.504515 26
0.425534 204
0.804834 100
0.018050 130
11.471477 51
0.129503 13
0.192239 37
0.083236 17
0.198755 6
0.003246 64
0.002052 110
0.021379 147
0.000222 10
0.001086 8
1.375098 20
0.000707 51
0.063473 23
0.116528 42
0.104039 47
0.548195 7
0.001945 11
0.002923 39
0.000255 71
0.878336 1
0.078472 1
0.157881 1
0.097294 1
0.174375 17
