0.069588 82
0.000030 26
0.027924 150
0.000673 7
0.001437 8
69.480122 20
0.000663 58
0.096485 83
0.002127 36
0.266835 42
0.159455 31
0.101036 59
0.126462 6
1.221495 27
0.000652 28
0.179273 6
0.157748 6
0.184009 7
0.010984 11
0.017225 110
0.040622 150
0.000347 7
0.001528 8
1.767081 20
0.003577 53
0.055738 23
0.171713 6
0.292954 21
0.002588 28
0.226173 35
0.317531 17
0.000353 7
0.004959 11
0.000294 82
0.000037 30
0.000276 2
0.017917 154
0.000348 7
0.000892 8
0.921950 11
0.001085 38
0.060656 18
0.135912 7
0.005348 11
0.001873 82
0.000109 32
0.028967 154
0.000226 7
0.001978 8
1.496546 20
0.004177 57
0.032178 31
0.073891 84
0.557916 31
0.110522 31
0.092455 31
0.476264 34
0.141811 34
0.171469 34
0.128722 45
0.002719 38
1.044908 42
0.103819 31
0.087289 59
0.092382 6
0.549499 20
0.000737 32
0.732475 27
0.003056 26
0.015164 6
0.736168 7
0.011377 11
0.007694 82
0.000396 32
0.058911 154
0.000319 7
0.002073 8
0.708501 20
0.000940 57
0.072515 31
0.332990 42
0.097664 31
0.201803 59
0.133803 6
0.599548 14
0.138187 19
0.000770 30
0.199435 6
0.141347 6
0.146621 6
0.161350 7
0.002309 11
0.001844 82
0.000148 32
0.017040 154
0.000214 7
0.001067 8
0.947958 11
0.002450 38
0.093822 18
0.103413 7
0.007885 8
0.000123 1
0.000192 2
0.001680 40
0.000253 82
0.000239 30
0.000114 2
0.018069 113
0.000152 2
0.000143 36
0.000190 3
0.000240 7
0.000934 8
2.365340 20
0.002752 55
0.042322 23
0.168546 6
0.767617 28
0.003220 32
1.725026 41
0.002703 26
0.059536 20
0.205836 7
0.010640 8
0.000338 1
0.000475 2
0.001069 82
0.000727 34
0.000564 2
0.042437 117
0.000169 2
0.000331 36
0.000292 3
0.000383 7
0.001466 8
0.824891 11
0.002190 38
0.084094 18
0.063958 7
0.002757 8
0.000109 1
0.000045 2
0.002028 82
0.000250 34
0.000180 2
0.016732 117
0.000197 2
0.000149 36
0.000167 3
0.000407 7
0.001137 8
16.168493 20
0.002083 71
0.127196 23
0.995904 6
1.503096 119
0.084389 1
0.174576 1
0.104512 1
0.643651 1
0.362152 1
0.380633 1
0.096307 1
0.093123 1
1.079949 7
0.014821 8
0.000376 1
0.000588 2
0.078967 8
0.000141 47
0.000141 26
0.000106 7
0.000673 55
0.009525 13
0.000134 29
0.000086 23
0.000106 4
0.000076 14
0.000890 1946
0.015467 100
0.000141 71
0.001319 1983
0.000523 12
1.179494 104
2.970412 30
0.117987 28
0.098664 28
0.262998 28
0.101146 28
0.329697 27
0.640529 27
0.240399 38
1.743959 28
0.077990 28
0.161542 28
0.075554 28
0.236429 27
0.701478 27
0.705027 38
0.457829 28
0.094328 28
24.958185 38
0.104431 16
0.000063 31
0.628379 46
0.824182 1
0.091247 1
0.684515 48
0.018228 210
0.053030 158
0.000165 7
0.001039 8
23.638276 20
0.001515 55
0.074118 23
0.198653 6
0.136606 28
0.002214 26
0.134546 20
0.148067 7
0.009145 11
0.000939 82
0.000072 32
0.058634 113
0.000039 2
0.000014 36
0.000022 3
0.000196 7
0.001006 8
1.501780 20
0.000709 53
0.081401 23
0.072605 6
0.763349 21
0.002850 28
0.145448 27
0.003251 30
0.093729 45
0.216259 17
0.001431 7
0.010323 8
0.000358 1
0.000243 2
0.000958 82
0.000543 36
0.000507 2
0.054108 119
0.000182 2
0.000100 36
0.000210 3
0.000373 7
0.001447 8
0.824047 11
0.002309 38
0.058993 18
0.095735 7
0.002598 8
0.000112 1
0.000064 2
0.001961 82
0.000251 36
0.000160 2
0.017540 119
0.000122 2
0.000042 36
0.000062 3
0.000266 7
0.000963 8
5.798956 20
0.000525 60
0.106113 31
0.330023 42
0.094738 31
0.105198 59
0.082306 6
0.720679 34
0.000819 30
0.119150 20
0.001381 28
0.273644 6
0.175423 6
0.398520 7
0.002524 8
0.000104 1
0.000070 2
0.001781 82
0.000228 36
0.000147 2
0.017913 119
0.000137 2
0.000089 36
0.000126 3
0.000276 7
0.001025 8
0.634714 20
0.001764 58
0.037616 31
0.228968 42
0.163298 31
0.098446 59
0.097600 6
0.798328 14
0.086331 26
0.002262 28
0.252197 6
0.056868 6
0.202313 7
0.002284 11
0.001863 82
0.000102 38
0.017024 160
0.000118 7
0.002321 8
1.089867 11
0.002299 38
0.069215 18
0.085425 7
0.004104 8
0.000136 1
0.000168 2
0.001829 40
0.000334 82
0.000209 36
0.000263 2
0.017748 119
0.000121 2
0.000160 36
0.000149 3
0.000272 7
0.000891 8
0.940592 20
0.001989 59
0.023654 23
0.164947 6
1.106799 42
0.000955 30
0.095680 34
0.000677 28
0.200604 20
0.450529 20
0.336751 7
0.012952 8
0.000400 1
0.001723 127
0.026054 165
0.000379 7
0.001622 8
4.677532 20
0.000711 61
0.093144 23
90.125995 60
0.556092 1
0.516987 1
0.498942 1
0.032121 1
0.031231 1
0.030271 1
0.023157 1
0.039242 1
0.197741 4
0.494684 4
0.030311 4
0.030629 4
0.036517 4
0.373853 1
0.645725 11
0.423805 9
3.137715 7
0.002768 8
0.000152 1
0.000019 2
0.019303 88
0.000789 55
0.002831 83
0.000655 1946
0.001308 171
0.000133 156
0.000708 2013
9.018276 22
0.100103 55
0.905148 45
0.245135 1
0.091537 1
0.163417 37
0.000100 11
0.009324 21
0.007520 195
0.028500 124
0.000156 2
0.000060 36
0.000149 3
0.000266 7
0.001119 8
3.398975 20
0.002343 64
0.167655 31
0.224664 42
0.147547 31
0.127847 96
0.415640 34
0.000575 40
1.071083 59
0.449209 6
1.269773 14
0.082745 20
0.181301 20
0.075309 20
0.667860 58
0.000716 32
0.479193 6
0.615842 6
0.091312 6
0.073141 6
0.533246 7
0.005876 8
0.000154 1
0.000185 2
0.001833 82
0.000375 41
0.000201 2
0.017715 124
0.000195 2
0.000217 36
0.000265 3
0.000364 7
0.001276 8
1.038760 20
0.000644 57
0.099145 23
0.151495 6
0.155056 35
0.002286 26
0.114816 20
0.122542 7
0.010547 8
0.000779 1
0.000339 2
0.001378 82
0.000686 36
0.000476 2
0.050885 119
0.000150 2
0.000202 36
0.000242 3
0.000273 7
0.001366 8
0.700457 20
0.002479 53
0.059378 23
0.090466 6
0.420261 21
0.000727 30
0.320489 34
0.000906 28
0.206147 35
0.272076 17
0.001450 7
0.010508 8
0.000432 1
0.000738 2
0.001017 82
0.000617 41
0.000615 2
0.061519 124
0.000182 2
0.000249 36
0.000229 3
0.000555 7
0.001509 8
1.371471 20
0.002835 64
0.118252 31
0.262525 42
0.300028 31
0.148818 59
0.108363 6
1.112058 6
0.067994 6
1.118693 6
0.142056 6
0.587801 34
0.002307 32
0.514111 6
0.353171 6
0.119698 6
0.094984 6
0.981738 7
0.011016 11
0.005394 82
0.000421 43
0.044243 165
0.000357 7
0.000956 8
1.754403 20
0.003128 57
0.064332 23
0.214845 6
0.156453 35
0.000837 26
0.138027 20
0.123059 7
0.002191 8
0.000078 1
0.000019 2
0.000181 82
0.000075 36
0.000039 2
0.016630 119
0.000041 2
0.000084 36
0.000059 3
0.000263 7
0.001019 8
0.268308 20
0.002725 53
0.061950 23
0.294187 6
0.225806 14
0.115572 20
0.112407 7
0.014945 8
0.000142 1
0.000073 2
0.000594 82
0.000275 30
0.000194 2
0.038513 113
0.000047 2
0.000099 36
0.000057 3
0.000265 7
0.001265 8
1.615585 11
0.002288 38
0.061736 18
0.122287 7
0.002602 8
0.000039 1
0.000012 2
0.001722 40
0.000197 82
0.000150 30
0.000108 2
0.017399 113
0.000137 2
0.000142 36
0.000111 3
0.000301 7
0.001483 8
18.883267 11
0.001592 38
0.093939 18
0.190927 1
0.000808 43
0.936469 11
0.232410 95
0.424170 7
0.015988 11
0.007477 2
0.001294 2
0.001022 38
0.000832 2
0.000796 2
0.000496 8
0.001274 2
0.000756 124
0.000893 112
0.000074 2
0.023553 154
0.000412 7
0.000833 8
240.130775 20
0.004982 53
0.106097 23
0.048149 6
1.325405 21
0.002928 32
0.070643 20
0.247204 45
0.488429 17
0.001245 7
0.012009 8
0.000915 1
0.000235 2
0.000810 82
0.000399 36
0.000389 2
0.020065 119
0.000137 2
0.000061 36
0.000156 3
0.000221 7
0.000952 8
1.193361 20
0.001299 59
0.072309 23
0.114976 6
1.117468 42
0.000702 30
0.043060 34
0.002271 28
0.206937 35
0.325320 17
0.001237 7
0.004041 8
0.000110 1
0.000046 2
0.000208 82
0.000209 41
0.000115 2
0.017839 124
0.000156 2
0.000080 36
0.000075 3
0.000295 7
0.001000 8
1.657564 11
0.003596 44
0.066097 18
0.095155 21
0.000291 7
0.002714 8
0.000116 1
0.000059 2
0.001714 22
0.000208 82
0.000153 41
0.000130 2
0.020148 124
0.000161 2
0.000048 36
0.000077 3
0.000316 7
0.001675 8
1.295504 11
0.003039 48
0.474367 18
0.098899 48
0.000555 30
1.860495 28
0.083907 15
0.165148 15
0.067700 15
1.884750 15
0.438405 15
0.464385 15
0.122789 15
0.096530 15
0.379296 7
0.011991 8
0.000365 1
0.000211 2
0.006110 82
0.000224 41
0.000198 2
0.052562 124
0.000241 2
0.000178 36
0.000139 3
0.000440 7
0.001919 8
1.286426 11
0.000640 38
0.107526 18
0.093982 7
0.010786 8
0.000432 1
0.000259 2
0.006328 11
0.000705 82
0.000565 41
0.000448 2
0.044807 124
0.000132 2
0.000059 36
0.000286 3
0.000435 7
0.001155 8
0.877062 20
0.000596 57
0.067318 23
0.202644 6
0.117695 35
0.000607 26
0.134034 20
0.067973 7
0.002132 8
0.000113 1
0.000057 2
0.000445 82
0.000130 36
0.000111 2
0.019177 119
0.000147 2
0.000041 36
0.000062 3
0.000274 7
0.000889 8
1.118499 20
0.001260 53
0.088137 23
0.136063 6
0.282219 14
0.136058 7
0.000291 7
0.002256 8
0.000110 1
0.000055 2
0.000218 82
0.000156 36
0.000140 2
0.019972 119
0.000405 2
0.000288 36
0.000545 3
0.000705 7
0.002014 8
1.130325 22
0.285600 15
0.479764 7
0.009563 8
0.000369 1
0.000263 2
0.001398 82
0.000933 30
0.000441 2
0.031614 113
0.000151 2
0.000100 36
0.000125 3
0.000289 7
0.001147 8
2.578352 11
0.002318 38
0.210306 18
0.000636 60
0.148829 6
4.029383 190
0.002618 61
0.268069 18
0.569597 6
7.962805 185
0.169562 1
0.174340 1
0.475044 1
7.018199 3
0.166377 3
0.164908 3
0.145247 3
0.002785 59
0.727279 14
0.841146 193
0.119908 15
0.848283 15
0.675344 15
0.137820 15
0.175043 15
0.111828 15
0.404433 15
0.450845 15
0.459897 15
0.128962 15
0.105507 15
0.229338 1
8.173963 9
0.164030 15
0.212041 15
0.175228 15
0.120047 15
0.738882 15
20.279650 15
0.101333 15
0.200172 15
0.139049 15
1.012548 15
0.802115 15
0.064938 15
0.191113 15
0.066710 15
1.541649 81
0.727814 1
0.419312 1
0.125182 1
0.087181 1
3.259920 7
0.014557 8
0.000161 1
0.000053 2
0.002482 82
0.000284 30
0.000161 2
0.018125 113
0.000139 2
0.000070 36
0.000196 3
0.000259 7
0.001138 8
89.012635 11
0.002421 80
0.247502 18
0.136819 6
38.917151 235
0.000551 58
0.162312 20
0.417602 187
0.264785 15
0.185985 15
0.596697 15
9.517352 15
0.216264 15
0.301957 15
0.175637 15
0.493777 15
1.584034 15
0.101922 15
0.158110 15
0.141798 15
0.018661 81
0.633665 86
1.133983 15
0.199504 15
0.816748 15
0.175730 15
0.082225 15
0.226530 1
1.985888 9
0.769969 15
0.097414 15
0.706034 15
3.550502 7
0.016971 8
0.000419 1
0.000922 2
0.005251 82
0.000435 32
0.049207 154
0.000114 7
0.000929 8
20.564433 11
0.004177 68
0.160827 18
0.094278 6
4.009272 14
0.179338 20
0.195133 20
0.180907 20
0.157385 20
2.243845 20
0.531889 20
0.101107 20
0.219149 20
0.134033 20
0.327524 20
1.143364 20
0.140414 20
0.173534 20
0.111115 20
0.437356 20
0.484642 20
0.947389 20
0.167882 20
0.081534 20
0.191172 6
3.687422 14
0.159996 34
0.212592 15
0.103860 15
0.125057 15
0.639746 15
3.936665 15
0.123790 15
0.311709 15
0.119689 15
0.597787 7
0.022591 11
0.005194 82
0.000347 32
0.052758 154
0.000290 7
0.001004 8
78.688345 11
0.000743 74
0.097999 215
0.176753 1
0.000875 28
0.744053 11
0.709385 18
0.002863 41
0.083402 89
0.332837 20
0.002481 41
0.068296 89
1.307508 7
0.013529 11
0.007569 8
0.000353 2
0.001023 77
0.000564 2
0.000547 74
0.000817 2
0.000886 156
0.001438 114
0.065334 154
0.000138 7
0.001027 8
13.519752 11
0.002600 46
0.058619 18
0.114241 28
0.000303 7
0.002395 8
0.000088 1
0.000068 2
0.001807 40
0.000221 82
0.000180 30
0.000169 2
0.042655 113
0.000186 2
0.000109 36
0.000168 3
0.000331 7
0.001475 8
1.713057 20
0.001062 53
0.070912 23
0.100667 6
1.367215 21
0.000525 32
0.760858 20
0.189502 20
0.122556 20
0.119224 20
0.302640 7
0.001620 11
0.000093 82
0.000114 38
0.020309 160
0.000138 7
0.000939 8
1.387448 20
0.000884 59
0.083041 23
0.317439 6
0.808240 42
0.000977 30
0.083647 20
0.175743 20
0.112019 20
0.177558 7
0.010695 11
0.000561 82
0.000079 41
0.000058 2
0.030597 165
0.000115 7
0.001137 8
3.599490 20
0.000865 61
0.119635 23
2.599689 83
1.005935 1
2.770632 9
0.108128 15
0.143622 15
0.126952 15
0.534218 15
0.201618 15
0.645627 15
0.145779 15
0.046962 15
0.635734 7
0.007090 8
0.000150 1
0.000147 2
0.017744 88
0.000657 49
0.000020 7
0.003396 83
0.000499 1951
0.028632 171
0.000178 156
0.001038 2019
2.211843 104
0.959252 27
0.189289 27
0.157467 27
0.142923 27
0.288776 38
1.773330 28
0.006066 28
0.104258 28
0.159796 28
0.009865 28
0.266755 28
0.081172 28
0.069391 28
0.077103 30
0.106528 29
0.097909 29
1.891930 40
0.100464 50
0.549755 47
0.608269 1
0.070631 1
0.312971 1
0.000450 36
0.000300 11
0.017696 16
0.001773 8
0.000156 7
0.000305 1
0.000105 2
0.000386 23
0.000135 29
0.001868 125
0.028960 124
0.000146 2
0.000173 36
0.000311 3
0.000433 7
0.001310 8
2.254674 31
0.150659 80
0.179403 9
0.183719 33
0.290227 14
0.501355 7
0.013977 8
0.000371 1
0.000701 2
0.008691 8
0.000518 2
0.001256 76
0.000403 2
0.000556 73
0.000480 2
0.000464 115
0.000566 2
0.000181 68
0.000077 2
0.003689 125
0.029369 124
0.000152 2
0.000172 36
0.000148 3
0.000287 7
0.001066 8
61.298325 20
0.000677 62
0.123539 23
0.094088 25
0.103051 6
0.992784 14
0.099925 20
0.185296 20
0.119810 59
0.678261 25
0.000833 36
0.107036 20
0.685020 20
0.208708 20
0.680139 20
0.139734 20
0.065360 20
1.656688 17
0.000542 26
0.173826 24
0.002979 28
0.158872 31
0.001703 30
0.144773 38
0.000770 32
0.146436 45
0.000515 34
0.655144 48
0.198048 15
0.655662 15
0.110108 15
0.087127 15
0.705945 7
0.012754 8
0.000337 1
0.000417 2
0.028239 88
0.000768 55
0.002828 83
0.000600 1946
0.024201 171
0.000206 156
0.001209 2013
3.861701 43
0.149662 42
0.271790 42
1.205350 21
0.000154 83
1.083160 30
0.147569 28
0.241208 28
0.122188 28
0.144041 28
0.851972 28
0.870534 38
0.100354 16
0.000033 31
0.533708 46
0.511898 1
0.053653 1
0.825630 223
3.206746 179
1.634243 46
0.424931 1
0.138389 1
0.303014 223
6.089287 179
0.906442 22
0.100821 55
0.549503 22
0.100344 55
0.789693 46
0.990722 1
0.626062 1
0.291792 1
0.000134 93
0.000430 16
0.008620 27
0.000138 2
0.003032 16
0.000072 22
0.000380 57
2.588703 63
0.000133 1990
1.599257 46
0.961387 1
0.348889 1
0.283537 1
0.004795 105
0.003282 125
0.047034 165
0.000569 7
0.001781 8
7.284352 11
0.001380 46
0.112437 18
0.390230 6
0.143526 11
0.354098 18
0.150867 18
0.174725 7
0.013563 11
0.007034 7
0.000436 2
0.000967 119
0.000302 2
0.000739 68
0.000232 2
0.002354 82
0.000851 43
0.052119 165
0.000113 7
0.001064 8
2.697558 26
0.887617 20
0.002380 26
0.384330 18
0.387229 7
0.003147 11
0.001911 8
0.000111 2
0.000260 76
0.000069 2
0.000192 73
0.000075 2
0.000175 115
0.000100 2
0.000108 68
0.000098 2
0.000403 82
0.000106 41
0.000179 2
0.041983 165
0.000314 7
0.000989 8
3.896597 166
0.025717 166
0.018796 166
0.020287 166
0.025513 166
0.020839 166
0.015987 166
0.016945 166
0.018494 166
0.012651 166
0.015174 166
0.035887 166
0.013940 166
0.018819 166
0.015302 166
0.065961 166
0.034622 166
0.016915 166
59.247581 21
0.128010 33
0.250105 45
0.190681 33
0.133045 33
0.567958 35
0.146954 33
0.099717 33
0.736761 35
0.172995 35
0.145179 35
0.152734 47
0.143458 35
0.141884 13
1.198830 20
0.001007 63
0.127285 31
0.272149 42
0.179594 31
0.136781 31
0.212667 71
3.684562 6
2.270289 56
0.126913 15
0.180551 15
0.067321 15
1.119278 15
0.170638 15
1.110671 15
0.126507 15
0.066339 15
0.428810 7
0.013382 8
0.000306 1
0.000817 2
0.008663 109
0.002094 41
0.002867 2
0.051997 165
0.000126 7
0.001334 8
1.330067 26
0.143343 1
0.172068 1
0.170547 1
0.137765 1
0.668691 11
0.424522 57
0.178793 7
0.010960 11
0.006793 109
0.000177 43
0.020555 165
0.000176 7
0.000878 8
2.233003 11
0.000724 46
0.111279 18
0.212556 6
0.182018 11
0.311230 18
0.174205 18
0.168083 7
0.016941 8
0.000764 1
0.000694 2
0.014087 7
0.000478 2
0.001303 153
0.001082 152
0.018768 165
0.000177 7
0.001162 8
3.333587 20
0.002881 57
0.056314 23
0.528748 6
0.216979 35
0.002867 26
0.138526 20
0.436106 7
0.010066 11
0.000391 109
0.000149 36
0.000670 2
0.057662 160
0.000145 7
0.001107 8
2.434218 20
0.003185 53
0.058448 23
0.119158 6
0.240195 21
0.002655 30
0.140063 34
0.000605 28
0.169768 20
0.079112 20
0.142271 7
0.004690 8
0.000122 1
0.000136 2
0.000293 109
0.000176 41
0.000147 2
0.017000 124
0.000135 2
0.000199 36
0.000210 3
0.000295 7
0.001154 8
0.712473 11
0.002244 46
0.105540 18
0.097572 28
0.000959 7
0.010837 11
0.005868 20
0.000328 2
0.002033 109
0.000347 43
0.030728 165
0.000292 7
0.000961 8
1.525045 20
0.002565 65
0.113153 31
0.355572 42
0.157311 31
0.716467 31
0.105094 96
0.128989 1
0.891935 1
0.137065 34
0.000726 40
0.768573 71
0.098213 6
0.622044 14
0.096569 20
0.171807 20
0.879365 20
0.194292 20
0.166671 20
1.108223 20
0.111431 20
0.090051 20
0.422114 7
0.011726 11
0.006689 109
0.000645 43
0.074490 165
0.000266 7
0.002031 8
0.929114 20
0.002627 57
0.047881 23
0.244975 6
0.195013 35
0.002779 26
0.108146 20
0.146699 7
0.010245 11
0.004190 109
0.002232 36
0.000815 2
0.064435 119
0.000184 2
0.000107 36
0.000188 3
0.000415 7
0.001677 8
0.851553 20
0.002012 53
0.058122 23
0.291297 6
0.197870 14
0.129863 20
0.136397 7
0.005978 8
0.000231 1
0.000148 2
0.000630 109
0.000653 30
0.000407 2
0.028699 113
0.000151 2
0.000100 36
0.000262 3
0.000332 7
0.001206 8
0.668904 20
0.002469 53
0.091277 23
0.057104 6
0.628293 21
0.004600 32
0.212742 41
0.001747 26
0.166832 20
0.207667 7
0.010034 11
0.001191 109
0.000891 34
0.000102 2
0.069747 158
0.000543 7
0.002026 8
0.512997 11
0.002975 38
0.110128 18
0.074568 7
0.002705 11
0.002068 20
0.000043 2
0.000472 109
0.000298 34
0.000357 2
0.017948 158
0.000445 7
0.001069 8
1.329959 20
0.001166 65
0.133156 31
0.308115 42
0.160371 31
0.141741 31
0.169089 71
0.100305 6
0.862613 14
0.081019 20
0.154425 20
0.093245 20
0.875851 20
0.127702 20
0.791359 20
0.108320 20
0.061555 20
0.541701 7
0.011066 11
0.005225 109
0.000367 36
0.063463 158
0.000318 7
0.002204 8
4.836847 11
0.000619 38
0.134060 18
0.347035 1
0.000715 30
0.194037 11
0.242550 18
0.125099 18
0.123969 7
0.003936 11
0.002360 8
0.000125 2
0.000138 76
0.000099 2
0.000075 73
0.000093 2
0.000067 68
0.000091 2
0.000393 109
0.000093 34
0.000204 2
0.017846 158
0.000194 7
0.002197 8
43.052035 20
0.000689 51
0.120879 23
0.315159 42
0.137428 47
0.379464 7
0.001746 11
