0.021563 8
0.000132 63
123.494644 1
0.071275 1
0.539546 1
0.129206 1
0.114925 1
0.085134 1
0.707534 1
0.184322 1
0.125457 1
0.141203 11
0.006097 71
3.178344 1
0.069173 1
0.238597 1
0.113272 1
0.107289 1
0.102314 1
0.316472 4
0.066922 1
0.460290 90
42.534009 1
0.088509 1
0.203467 1
0.119286 1
0.338235 1
0.121609 1
4.127219 1
0.632002 1
0.099032 1
0.343189 11
0.001521 79
0.665052 1
0.079977 1
0.553491 1
0.134427 1
0.113810 1
0.085674 1
0.613534 1
0.144236 1
0.306005 1
0.141373 1
0.167627 1
0.168968 11
0.006341 79
1.072507 1
0.090579 1
0.111245 11
0.004159 38
0.000252 2
0.001798 79
1.399732 1
0.086026 1
0.056014 1
1.111858 1
0.727021 1
0.091397 1
0.169130 98
2.343234 1
0.136329 1
0.222250 1
0.323495 1
0.092554 1
0.083215 1
0.603499 1
0.074606 1
0.155702 1
0.058647 1
1.063929 1
0.168371 1
0.678451 1
0.094130 1
0.102867 1
0.619364 11
0.001139 87
1.907446 1
0.062061 1
0.183796 1
0.183207 1
0.118935 1
0.131606 90
3.846375 1
0.060665 1
0.074575 1
0.354870 1
0.136777 1
0.206978 1
0.146191 1
0.152237 1
0.207601 102
0.865612 1
0.063112 1
0.341507 1
0.114706 1
0.104684 1
0.090925 1
1.057128 1
0.124316 1
0.208952 1
0.147908 1
0.215065 11
0.006733 91
0.660597 1
0.079355 1
0.221735 1
0.640524 4
0.150215 1
0.109409 1
0.136548 1
0.088061 1
0.621972 1
0.101818 1
0.372255 1
0.078403 1
0.168157 11
0.001405 91
1.387899 1
0.075321 1
0.058295 1
0.831782 1
0.078409 1
0.215495 1
0.097605 1
0.192168 112
1.616892 1
0.109231 1
0.272574 1
0.397218 1
0.080185 1
0.097717 1
0.650780 1
0.111081 1
0.231323 1
0.113822 1
1.520597 1
0.160458 1
0.853738 1
0.099572 1
0.074532 1
0.462132 11
0.004779 101
1.431060 1
0.091098 1
0.228834 1
0.215971 1
0.108472 1
0.066719 1
0.625695 1
0.102644 1
0.157591 1
0.050381 1
0.596872 1
0.141947 1
0.855012 1
0.123952 1
0.083703 1
0.446180 11
0.003992 101
2.225691 1
0.091115 1
0.233621 1
0.205922 1
0.130060 1
0.147391 102
1.725529 1
0.067130 1
0.074589 1
0.985304 1
0.114668 1
0.196624 1
0.073526 1
0.108992 112
2.429607 1
0.183419 1
0.310944 1
0.128284 1
0.202877 1
0.020136 1
1.387725 1
0.096973 1
0.177670 1
0.070535 1
0.148690 1
0.498033 4
0.690427 1
0.199685 1
0.888670 1
0.146114 1
0.113971 1
0.896905 11
0.004160 101
0.692633 1
0.061863 1
0.253969 1
0.165781 1
0.129898 1
0.120607 102
0.246970 1
0.101749 1
0.199893 1
0.226688 1
0.125436 1
0.119897 90
0.933790 1
0.124620 1
0.094117 11
0.001773 38
0.000106 2
0.000673 79
23.524104 1
0.171089 1
0.145234 1
0.542819 1
0.117254 1
0.151825 1
81.171268 1
0.612749 1
0.094308 1
0.760996 1
0.437027 1
0.111592 1
0.197187 1
0.117470 1
0.635705 1
4.826641 4
0.500246 4
0.029975 4
0.031110 4
0.030377 4
0.029581 4
0.030303 4
0.030803 4
0.029507 4
0.030553 4
0.030898 4
0.030929 4
0.029455 4
0.031013 4
0.030604 4
0.028731 1
0.029887 1
0.030106 1
0.029969 1
0.030420 1
0.029471 1
0.803798 1
0.108286 1
0.275337 1
0.824653 1
0.137933 1
0.255154 1
0.174446 1
0.161081 1
0.137426 102
1.337561 1
0.078862 1
0.210154 1
0.312500 1
0.135262 1
0.209135 1
0.373776 1
0.228121 112
1.934288 1
0.093677 1
0.118609 1
0.595637 1
0.129225 1
0.424310 1
0.107756 1
2.159279 1
0.138782 1
0.662185 1
0.139771 1
0.121498 1
5.101310 1
0.197420 1
0.146492 1
0.197409 1
0.241268 1
0.750419 3
0.351610 13
0.717474 9
0.725377 11
0.001618 101
1.220733 1
0.072991 1
0.160189 1
0.160396 1
0.127620 1
0.091135 102
0.243523 1
0.096677 1
0.476567 1
0.158283 1
0.122835 1
0.152403 90
1.462470 1
0.181899 1
0.115480 1
0.290313 1
0.164046 1
1.260542 1
0.960408 1
0.684654 4
0.135897 1
0.090275 1
0.436505 1
0.126312 1
0.553145 1
0.083734 1
0.771004 1
0.589628 1
0.099120 1
0.162689 1
0.110093 1
0.341893 1
0.169882 1
1.348393 1
0.108466 1
0.108783 1
0.716824 11
0.006077 79
10.943601 1
0.146974 1
0.106422 1
0.728552 1
0.088349 1
0.157910 1
0.084930 1
1.112939 1
0.221433 1
0.773426 1
0.094642 1
0.102421 1
0.538766 11
0.002836 79
0.652432 12
0.111871 34
1.265530 1
22.243249 1
0.154113 1
0.222175 1
0.180294 1
0.206926 1
0.706307 1
1.268575 1
0.126126 1
0.226952 1
0.308191 1
0.393619 4
0.114078 1
8.301029 1
0.423508 1
0.117912 1
0.153668 1
0.091566 1
1.139547 1
0.173511 1
0.709912 1
0.108694 1
0.109701 1
1.607731 11
0.005288 79
31.523326 1
0.146922 1
4.679659 1
1.473830 1
0.156533 1
0.232485 1
0.168708 1
0.183673 1
1.612876 1
3.505948 1
0.122324 1
0.272944 1
0.284923 1
1.020670 1
0.571044 1
0.093476 1
0.157277 1
0.139264 1
0.397960 1
0.246117 1
0.850415 1
0.118279 1
0.091350 1
0.204277 1
5.475579 1
0.078334 1
0.243782 1
0.160509 1
0.134238 1
0.233368 1
1.772615 11
0.001082 79
6.722397 1
0.110207 1
0.085938 1
0.685971 1
0.091875 1
0.264278 1
0.150070 1
0.153683 1
0.122422 1
0.194589 11
0.002599 79
0.875861 9
0.144491 58
1.121509 4
0.140165 4
0.149775 4
0.154787 4
0.138682 4
0.161707 4
1.025621 1
0.649246 1
0.091403 1
1.004842 1
0.629286 11
0.001731 79
30.146394 1
0.148748 1
0.128726 1
0.781080 1
0.163002 1
0.212912 1
0.126830 1
0.145144 1
0.778253 1
0.483984 1
0.102958 1
0.209318 1
1.219768 1
0.811519 1
0.823927 1
0.100187 1
0.142410 1
0.137987 1
0.411980 1
0.162623 1
0.481112 1
0.126794 1
0.077908 1
0.211940 1
6.035554 1
0.192157 1
0.360528 1
0.160123 1
0.140751 1
0.652851 1
69.798322 1
0.129288 1
0.375429 1
0.072109 1
0.947887 1
0.436220 11
0.004148 79
13.428906 1
0.107579 1
0.211813 1
0.209951 1
0.370413 1
0.078594 1
0.153023 11
0.004818 7
0.000086 2
0.000262 60
0.000054 2
0.000214 54
0.000823 2
0.000365 79
1.570756 6
0.347502 1
0.392703 3
0.625604 4
0.095276 1
0.189727 11
0.002053 8
0.000087 2
0.000275 55
0.000053 2
0.000171 52
0.000046 2
0.000132 55
0.000041 2
0.000130 53
0.000040 2
0.001028 79
32.110480 1
0.133117 1
0.226066 1
0.200846 1
0.159200 1
0.204139 1
0.154504 1
30.995501 1
0.145892 1
0.197276 1
0.113245 1
0.143347 1
1.176400 1
1.180064 1
0.088276 1
0.286811 1
0.091312 1
0.407960 1
0.703461 1
0.102154 1
0.382070 1
0.109629 1
1.121092 1
0.145405 1
0.597920 1
0.114148 1
0.083526 1
0.526867 11
0.010722 79
2.513052 27
0.676755 4
0.500318 4
0.032047 4
0.028586 4
0.030498 4
0.030262 4
0.032919 4
0.027418 4
0.029939 4
0.029485 4
0.030723 4
0.030442 4
0.334122 4
0.169345 4
0.833153 4
6.158488 1
0.453713 1
0.103271 1
0.212680 1
0.154773 1
0.803059 1
6.398188 1
0.105654 1
0.146945 1
0.075117 1
0.659455 1
0.157005 1
0.747447 1
0.103436 1
0.068833 1
0.385462 11
0.005995 79
1.025891 27
0.526868 1
0.193140 1
0.147674 1
0.140921 1
1.039780 13
0.296457 9
0.266735 11
0.008992 79
2.002043 1
0.073360 1
0.206804 1
0.151364 1
0.351344 1
0.107078 1
0.125710 11
0.006397 8
0.000260 2
0.000863 55
0.000217 2
0.002032 52
0.000681 2
0.000358 55
0.000243 2
0.000478 53
0.000360 2
0.001793 79
6.591944 1
0.105338 1
0.268193 1
0.139295 1
0.217108 17
