0.012726 8
0.000073 63
28.277618 67
15.431336 67
234.041765 1
1.251347 2
0.973067 5
0.191522 4
0.153964 1
0.160781 1
0.191559 1
0.960296 1
0.552975 1
0.092138 1
0.101861 1
0.173497 1
0.111293 1
0.117899 1
1.320267 1
0.101726 1
0.228840 1
0.061726 1
1.975482 1
0.157911 1
0.633675 1
0.117235 1
0.134753 1
0.767537 1
0.586990 1
0.130463 1
0.059782 1
1.197313 1
0.600837 1
0.256892 1
0.135456 1
0.623269 1
1.023321 1
0.436308 1
0.115944 1
0.133129 1
0.530277 1
0.170853 1
0.128253 1
1.644862 1
0.123546 1
0.595719 1
0.169622 1
0.156639 1
0.177274 1
0.176415 1
0.095403 1
0.666500 1
0.789526 1
0.125558 1
0.629895 1
0.111979 1
0.195690 1
0.181570 1
0.817037 1
5.489480 11
54.035752 163
37.636192 1
0.096805 1
0.435762 147
2.876486 1
0.072534 1
0.314625 1
0.862645 1
0.152082 172
72.575627 1
0.789364 1
0.074480 1
0.091568 1
0.198436 1
0.010687 1
0.623647 4
0.129377 4
0.168322 1
0.106816 1
0.143418 1
1.661979 1
0.265046 1
0.151502 1
0.104367 1
0.147163 1
1.325345 4
0.339403 1
0.102413 1
1.251369 1
0.121363 1
0.958640 1
0.396240 1
0.743710 1
0.099231 1
0.100831 1
1.558825 1
0.737417 1
0.299182 1
0.173498 1
0.775365 1
0.674848 1
0.366307 1
0.152928 1
0.085416 1
0.725517 1
0.138279 1
0.150652 1
0.880811 1
0.110128 1
1.494897 1
0.173920 1
0.137774 1
0.182659 1
0.159852 1
0.506048 1
0.239245 1
0.446142 1
0.254278 1
0.291386 1
0.123820 1
0.167225 1
0.130356 1
0.377095 1
1.135152 1
2.135047 1
1.144738 92
24.717452 1
1.324849 1
0.914374 1
1.350093 1
0.987940 4
0.189920 4
0.429797 4
0.364945 1
1.510975 1
0.734923 1
0.683992 144
8.792327 1
0.094081 1
0.485312 1
0.137266 1
0.158339 352
46.618651 1
0.149779 1
0.190710 1
0.113480 1
0.108669 1
0.572553 1
0.151534 1
0.132308 1
2.220616 4
0.251692 935
2.376098 1
0.189936 1
0.260303 1
0.131296 1
0.165268 1
0.663533 1
0.465497 1
0.548813 1
0.284174 1
1.131152 1
0.817906 1
6.635551 82
1.532974 1
0.081649 1
0.229904 1
0.117438 1
0.141551 350
104.067246 1
0.170717 1
0.178413 1
0.098068 1
0.152212 1
0.526088 1
0.344922 1
0.162797 1
1.738758 1
2.411377 1
0.624822 1
1.228527 82
42.218520 1
0.146370 1
0.176699 1
0.415903 1
0.226935 1
2.006306 1
0.591442 1
1.410559 1
1.018831 1
0.555974 1
0.284251 1
0.707935 1
0.292615 1
0.723249 111
1.487525 13
0.309746 4
0.158252 4
0.152177 4
0.406148 334
3.665689 1
0.175108 1
0.246614 1
0.124289 1
0.673070 1
0.903323 1
0.653369 1
0.260864 82
2.144702 1
0.065747 1
0.331037 1
0.166666 1
0.135909 170
46.890501 1
0.094892 1
0.318652 114
3.727750 101
0.149929 101
34.052179 1
0.140117 1
0.114518 1
0.512800 1
0.670416 1
0.133919 1
0.111849 1
2.532002 4
0.500763 4
0.031586 4
0.031473 4
0.029182 4
0.031433 4
0.030689 4
0.030734 1
0.031482 1
0.030665 1
0.031035 1
0.030798 1
0.030764 1
0.029078 1
0.030927 1
0.180666 1
0.160618 1
0.122782 11
0.004819 106
0.000179 2
0.000148 97
0.000126 2
0.000133 87
0.000125 2
0.001102 71
2.415292 1
0.128503 1
0.218888 1
0.375857 1
0.152269 1
0.224308 1
0.116037 11
0.001397 71
0.987344 1
0.111694 1
0.101423 11
0.009568 113
0.001133 2
0.000268 87
0.003533 2
0.000072 67
0.000038 2
0.000943 71
24.717216 1
0.096338 1
0.140212 1
0.128233 1
0.192960 17
