0.015251 8
0.000096 63
84.936835 1
0.151421 1
0.121311 11
0.002104 120
0.000061 2
0.000035 79
0.000025 2
0.000029 96
0.000025 2
0.000446 71
97.270294 1
0.370213 1
0.165786 1
0.114522 1
181.305667 1
1.897748 1
0.130444 1
0.878773 1
1.451958 1
0.592698 1
0.111165 1
0.441945 1
0.931352 1
3.203070 1
0.455672 1
0.090587 1
0.260599 7
0.421818 11
0.013422 5
0.000044 1
0.000026 6
0.000023 1
0.000024 4
0.000023 1
0.000023 2
0.000023 1
0.000024 4
0.000056 2
0.000039 5
0.000026 1
0.000023 3
0.000023 1
0.000023 4
0.000023 1
0.000023 3
0.000023 1
0.000023 4
0.000045 2
0.000029 5
0.000024 1
0.000023 6
0.000023 1
0.000023 4
0.000022 1
0.000023 2
0.000023 1
0.000023 4
0.000023 2
0.000026 5
0.000122 1
0.000024 6
0.000121 1
0.000023 4
0.000020 1
0.000019 2
0.000019 1
0.000019 4
0.000020 2
0.000022 6
0.000020 1
0.000019 4
0.000019 1
0.000019 4
0.000019 1
0.000019 3
0.000019 1
0.000019 3
0.000019 2
0.000022 4
0.000019 1
0.000020 6
0.000019 1
0.000019 4
0.000019 1
0.000019 2
0.000019 1
0.000019 4
0.000019 2
0.000370 71
34.041413 23
59.420405 1
0.499669 1
0.030516 1
0.031150 1
0.030338 1
0.030402 1
0.030973 1
0.254280 1
0.175062 1
0.158508 1
39.452500 1
0.427263 1
0.367608 3
0.169505 5
0.880223 5
0.177484 5
0.379888 5
0.353350 5
0.138550 5
0.151452 5
0.090975 5
1.187853 5
1.119714 5
12.716288 5
0.394854 5
1.244530 11
0.005123 71
10.235639 35
1.441190 55
0.396856 35
0.236590 1
0.500728 1
0.030747 1
0.030480 1
0.030790 1
0.031777 1
0.030306 1
0.034234 1
0.030040 1
0.030107 1
0.030634 1
0.030234 1
0.030077 1
0.029916 1
0.030387 1
0.030164 1
0.029454 1
0.030251 1
0.029781 1
0.030104 1
0.030235 1
0.030363 1
0.030373 1
0.370910 3
0.351559 5
0.499612 5
0.030806 5
0.030326 5
0.030177 5
0.030353 5
0.030252 5
0.031182 5
0.030073 5
0.916549 5
0.633409 11
0.001244 4
0.000066 1
0.000119 4
0.000034 1
0.000030 4
0.000029 1
0.000029 2
0.000032 1
0.000048 4
0.000023 2
0.000029 5
0.000023 1
0.000021 6
0.000023 1
0.000025 4
0.000024 1
0.000025 2
0.000046 1
0.000033 4
0.000049 2
0.000050 4
0.000022 1
0.000020 7
0.000019 1
0.000020 4
0.000019 1
0.000019 2
0.000019 1
0.000020 5
0.000019 2
0.000022 5
0.000020 1
0.000019 3
0.000019 1
0.000019 4
0.000020 1
0.000019 3
0.000019 1
0.000019 4
0.000019 2
0.000022 4
0.000020 1
0.000019 7
0.000019 1
0.000019 4
0.000019 1
0.000020 2
0.000019 1
0.000019 5
0.000020 2
0.000021 5
0.000020 1
0.000019 6
0.000019 1
0.000020 4
0.000019 1
0.000019 2
0.000019 1
0.000019 4
0.000020 2
0.000118 3
0.000023 1
0.000020 4
0.000019 1
0.000020 4
0.000019 1
0.000020 3
0.000124 1
0.000025 3
0.000038 2
0.000045 5
0.000041 1
0.000038 6
0.000022 1
0.000020 4
0.000020 1
0.000020 2
0.000020 1
0.000020 4
0.000020 2
0.000025 4
0.000022 1
0.000019 6
0.000032 1
0.000019 4
0.000019 1
0.000020 2
0.000019 1
0.000019 5
0.000020 2
0.000022 6
0.000032 1
0.000020 4
0.000020 1
0.000019 4
0.000032 1
0.000020 3
0.000019 1
0.000019 3
0.000019 2
0.000023 5
0.000019 1
0.000020 6
0.000019 1
0.000019 4
0.000020 1
0.000019 2
0.000019 1
0.000019 4
0.000020 2
0.000022 4
0.000020 1
0.000019 6
0.000019 1
0.000019 4
0.000020 1
0.000019 2
0.000019 1
0.000019 4
0.000020 2
0.000293 71
20.165707 27
0.197898 1
0.499641 1
0.030579 1
0.029459 1
0.030493 1
0.030455 1
0.030046 1
1.396379 1
0.500252 1
0.030558 1
0.030449 1
0.030073 1
0.030085 1
0.030562 1
0.030791 1
0.030150 1
0.030377 1
0.030376 1
0.029532 1
0.237974 1
0.179891 1
0.179436 1
0.707747 5
0.795193 5
0.419094 5
0.131242 5
0.098086 5
0.096098 9
0.345198 5
0.183296 3
0.175817 3
0.196837 3
0.499615 3
0.030336 3
0.030568 3
0.030473 3
0.030661 3
0.030064 3
0.030256 3
0.292045 3
0.854412 5
0.523461 11
0.001181 4
0.000044 2
0.000028 5
0.000022 2
0.000024 4
0.000021 2
0.000023 5
0.000021 2
0.000023 4
0.000020 2
0.000022 5
0.000021 2
0.000022 3
0.000021 2
0.000021 5
0.000021 2
0.000021 4
0.000021 2
0.000022 6
0.000020 2
0.000021 5
0.000020 2
0.000022 4
0.000020 2
0.000225 71
1.525932 35
0.304210 1
0.500636 1
0.029929 1
0.030312 1
0.029413 1
0.030602 1
0.029734 1
0.030185 1
0.030287 1
0.030585 1
0.029500 1
0.030341 1
4.705722 1
0.500270 1
0.030227 1
0.030284 1
0.030429 1
0.030759 1
0.030397 1
0.030933 1
0.029404 1
0.031230 1
0.030679 1
0.030609 1
0.435930 1
0.235141 1
0.191306 1
0.695654 1
0.399260 1
0.194831 1
1.043282 5
0.553915 5
1.075808 5
0.439623 5
0.373027 5
0.103439 5
0.502045 5
0.398293 5
0.915538 11
0.001744 5
0.000061 2
0.000027 5
0.000021 2
0.000022 5
0.000020 2
0.000022 5
0.000020 2
0.000022 6
0.000020 2
0.000022 4
0.000020 2
0.000230 71
182.021782 43
0.330396 1
0.199817 1
0.156170 1
0.500912 1
0.030669 1
0.030352 1
0.030053 1
0.032091 1
0.029965 1
0.030109 1
0.029760 1
0.030995 1
1.584338 5
0.138486 5
2.526957 5
0.192722 5
0.988715 5
0.265397 5
0.943618 11
0.001092 12
0.000032 2
0.000026 9
0.000021 2
0.000023 12
0.000020 2
0.000023 12
0.000020 2
0.000023 11
0.000020 2
0.000023 11
0.000021 2
0.000334 71
15.745527 47
0.220136 1
0.499959 1
0.030700 1
0.030603 1
0.030391 1
0.030374 1
0.030599 1
0.030302 1
0.029936 1
0.030144 1
0.030208 1
0.030111 1
0.029919 1
0.030195 1
0.321397 1
0.205033 1
0.192135 1
6.159402 4
0.893579 1
0.366673 1
0.418631 5
0.500328 5
0.029744 5
0.029654 5
0.029960 5
0.030443 5
0.193493 5
0.159218 5
0.678828 3
0.150465 3
0.086566 3
0.178106 3
0.965017 5
0.112490 5
0.955269 5
0.390853 5
0.136396 5
0.137919 5
0.075579 5
0.711315 5
1.135987 3
0.132610 3
0.799532 5
1.107319 5
0.126107 5
0.951337 5
0.606527 5
0.585605 5
0.148470 5
0.502560 5
1.111538 5
0.532781 11
0.001481 20
0.000055 2
0.000026 18
0.000021 2
0.000023 20
0.000021 2
0.000023 20
0.000020 2
0.000023 20
0.000019 2
0.000023 19
0.000020 2
0.000367 71
2.712523 55
0.401526 1
0.168449 1
0.177185 1
0.165475 1
0.546076 55
0.777532 1
0.185404 55
0.236379 1
0.501449 1
0.030744 1
0.031063 1
0.031245 1
0.030399 1
0.030125 1
0.029158 1
0.030534 1
0.207452 1
0.205772 1
0.162307 1
0.668945 5
0.134951 5
2.506254 5
0.282224 5
0.475201 11
0.001300 25
0.000036 2
0.000027 23
0.000021 2
0.000024 25
0.000021 2
0.000023 25
0.000032 2
0.000022 24
0.000020 2
0.000043 24
0.000034 2
0.000228 71
16.225051 59
0.153434 1
0.500533 1
0.030252 1
0.030526 1
0.029997 1
0.031213 1
0.030430 1
0.029738 1
0.030231 1
0.030402 1
0.029597 1
0.029961 1
0.030165 1
0.030071 1
0.029950 1
0.030021 1
0.030089 1
0.029963 1
0.030176 1
0.029596 1
0.030202 1
0.030390 1
0.030351 1
0.030005 1
0.030360 1
0.029720 1
0.029783 1
0.030294 1
0.030191 1
0.030241 1
0.029232 1
0.030499 1
0.029872 1
0.031371 1
0.030056 1
0.029336 1
0.030878 1
0.030732 1
0.283193 1
0.979946 5
0.979357 5
0.732859 5
0.252356 180
0.341698 182
0.211083 185
0.426329 188
0.188750 193
0.303283 195
0.141479 197
0.377291 199
0.677027 3
0.146164 3
0.663033 205
0.431298 14
0.000949 13
0.000037 33
0.000024 2
0.000195 71
1.502130 71
0.150571 1
0.499506 1
0.030359 1
0.031322 1
0.030310 1
0.030098 1
0.030220 1
0.029518 1
0.030213 240
0.030270 1
0.030261 1
0.031030 1
0.030360 1
0.029958 1
0.030530 1
0.030206 1
0.031030 1
0.031018 1
0.030955 1
0.031174 1
0.030991 1
0.030418 1
0.030601 1
0.030238 1
0.030347 1
0.032190 1
0.030917 1
0.031075 1
0.030922 1
0.030958 1
0.029864 1
0.030236 1
0.030103 1
0.030150 1
0.030412 1
0.173790 1
0.177592 1
0.425812 202
0.250428 1
0.177170 1
0.596372 196
0.166180 194
0.136305 192
0.144173 190
0.148652 189
0.140599 185
0.132186 171
0.136017 134
0.144050 5
0.148330 5
0.125400 5
0.119372 5
0.491963 5
48.885049 1
0.250329 3
3.595347 5
0.155753 5
0.173226 5
1.810121 180
0.895856 182
0.142104 185
0.333468 188
0.560096 193
0.175879 195
0.170011 197
1.498494 199
1.394128 3
0.312497 3
0.805430 207
0.141334 207
0.256865 209
1.330911 206
0.153291 204
0.438033 207
0.358232 209
7.509276 213
0.999616 213
0.158577 215
0.223880 217
0.262349 219
0.131337 221
0.133745 223
0.056394 225
11.569668 227
2.342880 229
0.140244 231
0.902481 233
0.600935 235
0.199277 237
0.721415 234
0.322728 237
0.093727 239
1.141101 1
0.184486 1
0.148626 1
0.446203 230
0.169146 233
0.219977 3
0.190102 3
0.175836 3
0.841957 241
1.757769 243
0.956797 245
0.641891 249
0.500823 249
0.445037 251
0.498610 253
0.757004 14
0.001082 13
0.000038 31
0.000023 2
0.000222 71
49.415630 95
0.250878 1
0.500596 1
0.029671 1
0.031110 1
0.030163 1
0.030212 1
0.029817 1
0.030051 1
0.030093 1
0.030044 1
0.030538 1
0.030467 1
0.030517 1
0.030558 1
0.030397 1
0.030296 1
0.029988 1
0.030154 1
0.029936 1
0.029862 1
0.029850 1
0.030211 1
0.030105 1
0.030141 1
0.030125 1
0.030499 1
0.030028 1
0.030646 1
0.029392 1
0.029781 1
0.030293 1
0.030207 1
0.030421 240
0.030441 1
0.030254 1
0.029381 1
0.030790 1
0.030172 1
0.030020 1
0.030112 1
0.030450 1
0.030120 1
0.030107 1
0.030367 1
0.030392 1
0.030449 1
0.030938 1
0.031039 1
0.031142 1
0.031000 1
0.030041 1
0.030231 1
0.032618 1
0.030125 1
0.032827 1
0.030379 1
0.412521 1
0.862802 1
0.215698 208
0.500519 206
0.031126 204
0.030627 202
0.030500 200
0.031243 198
0.031641 196
0.032632 194
0.030393 190
0.217361 190
0.148661 188
0.155448 186
0.168617 184
0.221730 182
0.217348 180
0.415412 178
0.451662 176
1.430569 3
0.499744 3
0.030264 3
0.029203 3
0.030025 3
0.031092 3
0.379040 3
0.500720 3
0.030693 3
0.029406 3
0.031019 3
0.030912 3
0.031057 3
0.031077 3
0.030976 3
0.029918 3
0.030156 3
0.030137 3
0.029948 3
0.030629 3
0.029994 3
0.661373 216
2.483289 219
0.639873 14
0.001622 24
0.000055 2
0.000048 22
0.000023 2
0.000024 24
0.000020 2
0.000023 24
0.000020 2
0.000023 23
0.000020 2
0.000022 23
0.000020 2
0.000270 71
7.716712 78
0.250616 1
0.499235 1
0.030076 1
0.030489 1
0.030475 1
0.030113 1
0.031679 1
0.030111 1
0.030684 1
0.033963 1
0.030056 1
0.034196 1
0.030985 1
0.030236 1
0.030053 1
0.030718 240
0.030918 1
0.030370 1
0.029726 1
0.030163 1
0.030442 1
0.031304 1
0.031109 1
0.030484 1
0.029787 1
0.030185 1
0.030249 1
0.029664 1
0.030065 1
0.029903 1
0.030398 1
0.030042 1
0.030439 1
0.030150 1
0.030154 1
0.030261 1
0.031209 1
0.030197 1
0.030728 1
0.030200 1
0.417600 3
0.507029 212
0.245927 215
0.604549 14
0.006107 25
0.000157 2
0.000110 23
0.000089 2
0.000099 25
0.000086 2
0.000787 25
0.000096 2
0.000099 24
0.000086 2
0.000097 24
0.000163 2
0.000898 71
1.945175 78
0.282525 1
0.500572 1
0.030872 1
0.029320 1
0.033604 1
0.032196 1
0.030258 1
0.029894 1
0.030186 1
0.029834 1
0.030778 1
0.031132 1
0.030173 1
0.030327 1
0.030063 1
0.030326 240
0.030779 1
0.030209 1
0.030308 1
0.030316 1
0.030104 1
0.030081 1
0.029722 1
0.030047 1
0.030160 1
0.029744 1
0.030231 1
0.030008 1
0.030249 1
0.029523 1
0.030341 1
0.029781 1
0.030550 1
0.032842 1
0.030648 1
0.030028 1
0.029627 1
0.030005 1
0.030283 1
0.623906 3
12.079872 1
0.501191 1
0.030821 1
0.030174 1
0.030197 1
0.030198 1
0.030322 1
0.030925 1
0.029882 1
0.029993 1
0.029538 1
0.029734 1
0.029984 1
0.030912 1
0.030978 1
0.031032 1
0.030061 1
0.228910 1
0.198696 1
0.196107 1
0.825159 179
0.161506 181
0.502363 183
0.508096 185
0.692873 3
0.499457 3
0.030179 3
0.030181 3
0.030271 3
0.030004 3
0.030373 3
0.031065 3
0.030848 3
0.030757 3
0.030898 3
0.031088 3
0.030019 3
0.029928 3
0.031078 3
0.031072 3
0.030853 3
0.031151 3
0.030788 3
0.668366 3
0.783946 227
1.318522 224
0.236758 14
0.001094 13
0.000040 25
0.000024 2
0.000222 71
3.795659 82
0.166162 1
0.499269 1
0.031801 1
0.031276 1
0.030431 1
0.029736 1
0.030189 1
0.029790 1
0.030583 1
0.031104 1
0.030198 1
0.030051 1
0.030127 1
0.030227 1
0.030025 1
0.030005 1
0.029979 1
0.029768 1
0.030014 1
0.029817 240
0.030339 1
0.029901 1
0.029839 1
0.030504 1
0.029461 1
0.030977 1
0.030772 1
0.030734 1
0.029263 1
0.030144 1
0.030185 1
0.030124 1
0.030323 1
0.030140 1
0.031091 1
0.030241 1
0.029900 1
0.030136 1
0.030181 1
0.404700 3
1.198561 227
2.810904 229
0.176984 231
0.317323 233
0.848749 235
0.677898 237
0.154338 239
1.069651 241
1.037358 243
1.263511 245
0.346697 247
0.339860 249
1.713191 253
0.357084 14
0.001327 13
0.000035 44
0.000023 2
0.000025 13
0.000022 25
0.000020 2
0.000209 71
4.857780 95
0.528085 1
0.500725 1
0.030008 1
0.030924 1
0.030164 1
0.030764 1
0.030274 1
0.029928 1
0.029902 1
0.030199 1
0.030991 1
0.031225 1
0.030114 1
0.029954 1
0.029990 1
0.029889 1
0.029969 1
0.029979 1
0.030385 1
0.030169 1
0.030095 1
0.029871 1
0.030104 1
0.030042 1
0.029201 1
0.030289 1
0.029970 1
0.029852 1
0.029957 1
0.030040 1
0.030666 1
0.030079 1
0.031276 240
0.030317 1
0.029587 1
0.029904 1
0.030203 1
0.030187 1
0.030385 1
0.029661 1
0.030255 1
0.029757 1
0.029898 1
0.030061 1
0.029967 1
0.029916 1
0.031020 1
0.029532 1
0.187154 1
0.185432 1
0.183335 1
0.819700 230
4.334585 14
0.001050 21
0.000183 2
0.000030 19
0.000022 2
0.000024 21
0.000021 2
0.000024 21
0.000021 2
0.000032 19
0.000022 2
0.000025 21
0.000021 2
0.000211 71
21.379676 96
0.264928 1
0.499891 1
0.030916 1
0.030063 1
0.029943 1
0.033689 1
0.030212 1
0.030296 1
0.032039 1
0.029803 1
0.030072 1
0.029736 1
0.030266 1
0.030079 1
0.030266 1
0.030005 1
0.029990 1
0.030097 1
0.031060 1
0.030156 1
0.030464 1
0.030158 1
0.030513 1
0.030799 1
0.030072 1
0.030904 1
0.032883 1
0.031015 1
0.030344 1
0.033788 1
0.030464 1
0.029962 1
0.030263 1
0.029802 240
0.029709 1
0.030240 1
0.030328 1
0.030265 1
0.031146 1
0.030382 1
0.030183 1
0.030358 1
0.029989 1
0.030531 1
0.029314 1
0.030995 1
0.030858 1
0.031034 1
0.030572 1
0.030145 1
0.030472 1
0.029927 1
0.338547 1
0.675231 223
0.333861 226
0.293373 14
0.001141 21
0.000034 2
0.000027 19
0.000021 2
0.000024 21
0.000020 2
0.000024 21
0.000020 2
0.000026 19
0.000021 2
0.000024 21
0.000020 2
0.000185 71
56.145036 96
0.326561 1
0.500012 1
0.029890 1
0.030181 1
0.029178 1
0.030915 1
0.029490 1
0.030069 1
0.030531 1
0.030221 1
0.030106 1
0.031904 1
0.030973 1
0.030206 1
0.033485 1
0.029709 1
0.033280 1
0.029578 1
0.030119 1
0.029762 1
0.030832 1
0.030197 1
0.030163 1
0.031013 1
0.030103 1
0.030145 1
0.029436 1
0.029913 1
0.030201 1
0.029833 1
0.030651 1
0.030228 1
0.030949 1
0.031055 240
0.203910 1
0.169113 1
0.160655 1
0.678379 255
0.501111 250
0.030771 248
0.030353 244
0.030233 244
0.034596 242
0.033761 240
0.031075 238
0.030294 236
0.030740 234
0.032711 232
0.032685 230
0.030619 228
0.031191 224
0.030128 224
0.030617 222
0.030850 220
0.029960 216
0.029854 216
0.029694 214
0.030362 212
0.032190 210
0.031094 208
0.030820 206
0.032602 204
0.030610 202
0.031037 200
0.031055 198
0.030362 196
0.030950 194
0.030759 193
0.030427 189
0.030357 175
0.031019 140
0.030226 5
0.029830 5
0.030394 5
0.142851 5
0.185016 5
2.296416 5
0.160783 5
0.394075 5
0.351276 5
0.130365 5
0.158830 184
0.065587 186
1.983716 189
0.984915 192
0.128772 197
0.491753 199
0.576262 201
0.312024 203
0.175508 205
1.495387 207
1.406869 209
0.840428 211
0.587683 215
0.280683 215
0.301782 219
0.246483 219
0.815927 221
1.110315 223
0.923721 225
0.381426 227
0.209549 229
0.290805 231
0.482162 233
0.360477 235
0.171042 237
1.426648 239
0.955862 241
0.894520 243
0.305058 247
0.294519 247
1.414596 249
6.713682 14
0.000968 25
0.000033 2
0.000036 23
0.000021 2
0.000024 25
0.000020 2
0.000023 25
0.000021 2
0.000032 24
0.000020 2
0.000022 24
0.000020 2
0.000186 71
5.240370 67
20.421907 93
0.239504 1
0.500239 1
0.030415 1
0.030279 1
0.030034 1
0.029991 1
0.030128 1
0.030050 1
0.030279 1
0.030502 1
0.029436 1
0.030895 1
0.033703 1
0.030156 1
0.029903 1
0.029441 1
0.031009 1
0.030869 279
0.030169 1
0.029971 1
0.029955 1
0.030842 1
0.030422 1
0.030246 1
0.030448 1
0.030282 1
0.029782 1
0.030874 1
0.030541 1
0.029834 1
0.030315 1
0.029470 1
0.030785 1
0.030352 1
0.033518 1
0.030364 1
0.030205 1
0.029790 1
0.030254 1
0.030169 1
0.029183 1
0.030977 1
0.029998 1
0.029843 1
0.029451 1
0.030077 1
0.030345 1
0.029523 1
0.031087 1
0.030378 1
0.029996 1
0.033259 1
0.029837 1
0.030083 1
0.030036 1
0.030133 1
0.031278 1
0.030399 1
0.030394 1
0.030572 1
0.029873 1
0.030317 1
0.030266 1
0.033107 1
0.030709 1
0.029545 1
0.029981 1
0.029918 1
0.030066 1
0.030507 1
1.331817 1
0.221241 1
0.216017 1
2.083492 1
0.259318 1
0.177123 1
0.185214 1
0.171168 1
0.150117 1
0.160515 1
1.307901 173
0.159846 171
0.236950 169
0.158258 167
0.163170 165
0.167459 163
0.165876 161
0.157905 159
0.377257 3
0.181224 3
0.171666 3
0.168409 3
0.116909 3
0.193706 3
1.355191 176
0.292758 176
0.125052 178
2.350806 180
0.844060 177
0.594728 180
0.732183 182
0.375259 184
0.106470 186
1.268900 188
3.800107 190
0.374459 14
0.001288 24
0.000115 2
0.000060 27
0.000049 2
0.000039 28
0.000033 2
0.000037 25
0.000031 2
0.000036 28
0.000030 2
0.000036 27
0.000031 2
0.000035 23
0.000030 2
0.000037 27
0.000031 2
0.000035 27
0.000031 2
0.000036 26
0.000030 2
0.000036 27
0.000030 2
0.000230 26
0.000037 2
0.000419 71
7.160947 94
0.288119 1
0.503856 1
0.030772 1
0.031220 1
0.030434 1
0.030609 1
0.030524 1
0.029558 1
0.030429 1
0.030301 1
0.031157 1
0.030792 1
0.030117 1
0.030228 1
0.030206 1
0.029866 1
0.030510 1
0.029457 1
0.029966 279
0.029965 1
0.030081 1
0.030082 1
0.030465 1
0.030839 1
0.030022 1
0.030095 1
0.030565 1
0.030291 1
0.030284 1
0.030139 1
0.030346 1
0.030283 1
0.030218 1
0.030215 1
0.030365 1
0.029777 1
0.030452 1
0.030192 1
0.032041 1
0.029961 1
0.030163 1
0.030262 1
0.029863 1
0.030241 1
0.030341 1
0.031182 1
0.031039 1
0.030123 1
0.030453 1
0.029549 1
0.030061 1
0.029929 1
0.030110 1
0.030101 1
0.030073 1
0.030551 1
0.030262 1
0.031511 1
0.029706 1
0.030543 1
0.033047 1
0.030916 1
0.030236 1
0.030965 1
0.030205 1
0.029668 1
0.029990 1
0.030582 1
0.029789 1
0.030482 1
0.031100 1
0.030622 1
0.029514 1
0.030475 1
0.030213 1
0.031084 1
0.031094 1
0.030371 1
0.029742 1
0.029935 1
0.030284 1
0.030794 1
0.030163 1
0.030611 1
0.030648 1
0.029851 1
0.029876 1
0.030416 1
0.029945 1
0.229118 1
0.400552 3
0.829833 162
0.451648 164
0.497022 166
0.822388 168
0.335021 170
0.129973 172
0.575794 174
0.247242 176
0.148367 3
0.196342 3
0.166513 3
0.158630 3
0.121988 3
0.500802 3
0.031012 3
0.030261 3
0.030481 3
0.029431 3
0.030774 3
0.030819 3
0.030213 3
0.031094 3
0.030310 3
0.030508 3
0.697762 1
0.518227 1
0.359705 201
0.124893 199
0.144695 197
0.147492 195
0.139233 193
0.364213 14
0.001210 27
0.000051 2
0.000027 25
0.000021 2
0.000024 27
0.000021 2
0.000024 27
0.000020 2
0.000027 27
0.000023 2
0.000028 27
0.000027 2
0.000406 71
44.694745 1
0.093909 1
0.182669 1
0.101638 1
0.235152 17
