0.016783 8
0.000145 63
99.417210 1
0.320568 1
0.146822 1
0.185934 1
1.699826 1
0.232085 1
0.131017 1
0.418706 1
0.100622 1
0.590468 11
0.000556 28
0.000030 2
0.000297 71
15.921961 1
0.097458 1
0.138758 1
0.812762 1
0.202254 1
0.150455 1
0.254507 1
0.100713 1
0.240439 11
0.002541 47
0.000784 75
0.000117 1923
1.671389 33
0.525758 1
0.282092 1
0.212175 28
0.021635 92
0.000279 71
76.028445 8
0.242078 11
0.002745 47
0.001474 64
0.000089 19
0.000127 1449
1.065809 33
1.003306 1
0.064107 1
0.428058 28
0.007266 83
0.000015 71
133.013415 1
0.098788 1
0.174075 1
0.457845 4
0.103560 1
0.956784 1
0.956634 1
0.400861 1
1.437824 1
0.199962 1
0.128845 1
0.149181 1
1.933344 1
0.218968 1
0.234858 1
0.166529 1
0.646878 4
0.228962 4
0.442826 1
0.257924 1
1.297491 1
0.378401 1
0.216131 1
0.131891 1
0.156197 1
0.096244 1
0.342462 4
0.077404 1
0.559325 11
0.001862 9
0.000047 2
0.000055 16
0.000025 2
0.000022 16
0.000020 2
0.000022 10
0.000021 2
0.000023 18
0.000021 2
0.000021 18
0.000020 2
0.000022 5
0.000020 2
0.000023 19
0.000020 2
0.000021 19
0.000032 2
0.000021 19
0.000020 2
0.000021 19
0.000019 2
0.000021 16
0.000020 2
0.000289 71
40.228784 20
0.189421 1
0.499296 1
0.030608 1
0.030433 1
0.030227 1
0.030082 1
0.030412 1
0.033106 1
0.030201 1
0.030165 1
0.029972 1
0.142362 1
0.187946 1
0.160343 1
0.160011 1
0.150153 1
1.078012 5
0.126241 5
0.154082 5
2.053991 11
0.002037 16
0.000077 2
0.000044 18
0.000038 2
0.000041 19
0.000035 2
0.000035 19
0.000035 2
0.000520 71
36.521283 23
0.242435 1
0.499522 1
0.030282 1
0.033240 1
0.030310 1
0.033085 1
0.030719 1
0.030499 1
0.339261 3
1.039131 1
0.186801 1
0.486205 5
0.161057 5
0.160204 5
0.173654 5
0.170952 5
0.698342 5
0.585791 5
0.176546 5
0.204367 5
1.050185 5
0.113460 5
0.253708 5
0.788264 5
1.601351 11
0.001879 16
0.000056 2
0.000024 10
0.000022 2
0.000022 18
0.000021 2
0.000022 5
0.000020 2
0.000303 71
74.493481 1
0.140616 1
0.159904 1
2.704769 1
0.696963 1
0.124004 1
0.104365 1
6.099828 1
0.197035 1
0.136732 1
0.158315 1
0.108255 1
1.275747 1
0.506352 1
0.317958 1
0.105387 1
0.190029 1
0.167231 1
0.127846 1
0.438608 1
0.138889 1
0.407017 1
0.133817 1
0.213982 1
0.754138 1
0.075856 1
3.042065 1
1.159788 1
0.220582 1
0.177062 1
0.201293 1
0.239398 1
0.177701 1
0.182010 1
0.250047 1
0.267457 1
0.148735 1
0.233457 1
0.215928 1
0.146742 1
0.153845 1
3.134205 1
1.345767 1
1.158433 4
0.350580 1
0.470029 1
0.140125 1
0.339985 1
0.208629 1
0.138997 1
0.248443 1
0.106608 1
0.332093 1
0.145912 1
0.232303 1
0.418426 4
0.499926 4
0.030085 4
0.030408 4
0.030476 4
0.029779 4
0.030044 4
0.029930 4
0.030088 4
0.351899 4
0.190127 4
1.030380 1
0.348274 1
5.054706 1
0.131093 1
0.198358 1
0.114782 1
0.312300 1
0.785517 1
0.340624 1
0.127917 1
0.225112 1
0.116228 1
0.245194 1
0.156638 1
0.121583 1
0.300150 1
0.121043 1
0.204543 1
1.133314 1
2.673363 11
0.015449 64
0.000063 2
0.001040 17
0.000064 71
16.480465 61
0.158365 11
0.008086 64
0.000053 2
0.000919 17
0.000074 71
1.326951 61
0.134413 11
0.007543 64
0.000054 2
0.000871 17
0.000037 71
7.342070 61
0.376403 11
13.684550 73
5.377571 61
0.294769 11
0.008371 64
0.000092 2
0.000880 17
0.000120 71
1.204524 61
0.142606 11
0.007470 64
0.000105 2
0.000815 17
0.000104 71
0.480888 61
0.137771 11
0.008566 64
0.000087 2
0.000815 17
0.000067 71
1.794901 61
0.507275 55
12.965400 61
0.208916 11
0.058501 1
0.000457 41
1.841499 2
0.107514 71
0.000018 71
5.462758 61
0.220132 1
0.481134 3
0.482333 4
0.500024 4
0.030548 4
0.030199 4
0.030310 4
0.030526 4
0.030742 4
0.030302 4
0.030533 4
0.029914 4
0.162187 4
0.176800 4
0.144595 4
0.184257 4
0.168393 4
0.148629 4
0.295476 4
0.565781 11
0.049035 1
0.000119 41
1.433087 2
0.101469 80
0.002258 82
0.003371 71
69.688065 1
0.172998 1
0.136105 1
0.386360 4
0.177089 4
0.175702 4
0.140554 1
31.066002 1
0.275967 1
2.517887 1
0.605787 1
0.529257 1
0.492429 1
0.143149 1
0.226336 1
0.187878 1
0.097290 1
0.320630 1
0.119737 1
0.316605 1
0.143913 1
0.193442 1
0.687732 1
0.044806 1
0.603301 1
0.964307 1
0.216219 1
0.180509 1
0.210595 1
0.267478 1
0.204592 1
0.173935 1
0.528980 1
0.270737 1
0.202291 1
0.153138 1
0.166782 1
0.436321 1
0.119602 1
0.465035 11
1.646053 2
0.000612 73
0.726347 32
0.503631 4
0.140871 4
0.159581 4
0.157030 4
0.145014 4
0.160650 4
0.562608 1
0.062451 1
0.247121 1
0.221666 1
0.152558 1
0.136463 1
0.185416 11
0.081077 1
0.000112 41
1.807698 2
0.098179 285
0.000254 158
0.137696 108
0.024861 157
0.001321 8
305.445366 11
0.000605 38
0.086352 18
0.453025 7
0.002384 11
0.001940 240
0.002719 110
0.015584 157
0.001061 8
9.307722 20
0.001705 64
0.238476 23
0.102017 25
0.515524 6
1.071465 71
0.083718 1
0.310754 1
0.149045 1
0.704586 1
0.446654 1
0.050459 1
1.962335 7
0.003016 11
0.090492 88
0.001091 53
0.004390 42
0.000629 27
0.000184 14
0.000683 1946
0.005211 100
0.000174 71
0.000972 1993
1.021080 104
1.818779 30
0.600515 28
0.331317 28
0.482535 27
0.370192 28
0.989961 38
0.100560 47
0.735769 46
0.279631 1
0.084281 1
0.226198 46
0.004634 21
0.001413 15
0.000318 3
0.001683 162
0.031515 157
0.000957 8
1.991034 20
0.000811 71
0.095568 156
0.000664 44
0.116059 124
0.139655 1
0.674974 11
0.360292 18
0.130117 1
1.605757 11
1.015158 18
0.129469 1
1.329595 9
0.057971 15
0.531684 15
0.156183 15
0.202487 15
0.469558 15
0.079183 15
1.051220 1
0.930877 9
0.235225 15
0.125380 15
0.199012 15
0.650280 15
1.024970 7
0.004556 11
0.002096 139
0.000331 26
0.000346 2
0.021632 157
0.001380 8
36.081612 20
0.000657 60
0.107183 23
0.077004 25
0.079915 6
0.327003 48
1.262997 1
0.157082 1
0.151911 1
0.869595 1
0.473775 1
0.125733 1
2.715520 7
0.002534 9
0.000030 2
0.017411 88
0.002320 136
0.001539 1946
0.005976 2338
0.864664 104
3.041074 30
1.496713 27
0.529699 28
0.415229 28
0.415091 36
0.522384 28
2.051104 38
0.666060 28
0.355238 36
0.308797 28
0.659589 28
0.449086 27
0.738534 28
0.320081 28
0.447162 28
0.211418 28
0.227233 28
0.363335 30
0.655928 29
0.283914 29
0.087490 29
0.143205 28
0.774564 29
0.239488 29
0.119271 29
0.156176 29
0.222910 29
1.470588 40
0.100337 50
0.422847 47
0.561741 1
0.066000 1
0.219931 46
0.907611 92
0.001578 110
0.021703 150
0.000181 7
0.001264 8
2.638791 20
0.001249 72
0.097596 31
0.100494 35
0.089775 6
1.045287 11
0.350915 125
0.148285 1
1.207246 9
0.263212 15
0.141943 15
0.109477 15
0.225351 15
0.298402 15
0.079914 37
0.418684 43
0.088121 15
0.195675 1
1.771939 9
0.180069 15
0.126249 15
0.175669 15
0.137814 15
0.652797 7
0.006170 11
0.002212 148
0.000412 108
0.000293 2
0.020655 157
0.001025 8
19.364833 20
0.000592 69
0.086889 31
0.113079 35
0.449050 146
0.000906 47
0.157687 146
0.001185 69
0.155018 131
0.896586 20
0.000724 60
0.098031 23
0.099754 25
0.067544 6
2.214964 48
0.170048 1
0.289847 1
0.113516 1
0.232065 1
0.300900 1
1.382793 7
0.003667 11
0.023008 88
0.004990 52
0.002418 83
0.000485 1946
0.025462 327
0.002399 2010
0.980286 104
6.682255 30
0.601141 28
0.254666 28
0.307322 28
0.138160 28
0.292126 28
1.119177 27
1.633213 28
0.128381 30
2.051634 39
0.812504 28
0.472147 28
0.135273 28
0.333024 28
0.429832 28
0.194498 28
0.334770 28
0.227681 28
0.151108 30
0.537196 29
1.597211 40
0.100617 50
0.635921 47
0.676293 1
0.072808 1
0.370228 45
0.019341 22
0.001217 15
0.000327 3
0.000203 23
0.000196 29
0.002208 110
0.024109 111
0.000045 39
0.000329 7
0.001815 8
2.822761 20
0.000619 69
0.070139 31
0.133655 35
0.139625 6
2.021705 11
0.145667 18
1.587622 6
0.474103 91
0.073140 15
0.237329 15
0.091870 15
0.281947 15
0.285316 15
0.092247 1
1.346356 9
0.259803 15
0.140161 15
0.178775 15
0.089457 15
1.523060 7
0.003921 11
0.002083 164
0.000440 108
0.000206 2
0.020441 157
0.001050 8
32.288239 20
0.000788 68
0.085612 31
0.128844 35
0.643599 6
0.378557 11
0.196979 101
0.000442 46
0.101856 6
2.188515 106
0.973039 18
0.140719 18
0.707582 20
0.210497 18
1.429471 18
0.207353 18
0.138110 18
0.175188 18
0.272296 18
1.453699 18
0.181754 18
0.313748 18
0.065464 18
0.098548 18
1.686409 18
0.132237 18
1.187273 18
0.213155 18
0.894473 1
0.751950 9
0.240528 15
0.144703 15
0.171216 15
0.070600 15
0.251580 7
0.003743 11
0.002822 194
0.020858 157
0.002484 8
15.245833 20
0.003825 51
0.166296 23
0.251667 42
0.144969 47
0.398725 7
0.001771 11
0.005797 39
0.000322 71
0.722613 1
0.071031 1
0.194322 1
0.136679 1
0.178176 17
