0.775576 85
69.460959 1
0.526564 1
0.106919 1
0.084594 1
0.213653 1
0.081992 1
0.144794 1
0.566327 1
0.211927 1
0.259547 1
0.412249 4
0.299948 1
0.141174 1
0.676715 1
0.135098 1
1.527805 1
0.118591 1
0.103568 1
0.517504 1
0.576666 1
0.160774 1
0.673994 1
0.104046 1
1.573010 1
0.348192 1
0.115282 1
0.410930 1
0.798396 1
0.293553 1
0.138977 1
0.167379 1
0.510678 1
0.133153 1
0.147166 1
1.628045 1
0.123718 1
0.562520 1
0.166264 1
0.111789 1
0.546070 4
0.631693 4
0.261725 1
0.180105 1
0.189721 1
0.115937 1
0.702216 1
0.675785 1
0.352903 1
0.105042 1
0.602290 1
0.234639 1
0.138869 1
0.112355 1
1.500772 1
0.888914 11
42.129184 2
0.000084 2
0.000119 88
0.000106 8
0.000025 77
25.359893 1
0.062908 1
0.375820 11
0.000080 65
0.000101 8
0.000010 77
40.950616 1
0.541616 1
0.091342 1
0.118795 1
0.307580 1
0.357603 4
0.202322 1
0.118650 1
0.105828 1
0.652127 1
0.192195 1
0.166041 1
1.043707 1
0.325020 1
0.105666 1
1.704695 1
0.125181 1
0.106199 1
0.222259 1
0.842108 1
0.098239 1
0.116163 1
1.115537 1
0.453118 1
0.351228 1
0.120858 1
0.307861 1
1.223411 1
0.518498 1
0.132635 1
0.084147 1
0.255800 1
0.149506 1
0.120221 1
0.914818 1
0.104768 1
1.686925 1
0.137270 1
0.155628 1
0.161275 1
0.161678 1
0.165154 1
0.272232 1
0.319425 1
0.125355 1
1.424647 1
0.168272 1
0.196862 1
0.112702 1
0.437301 1
1.672156 4
0.348986 1
2.491663 1
0.512278 1
0.591214 11
0.000539 11
0.000224 8
0.000018 77
26.900736 1
0.106220 1
0.252187 1
0.131516 1
0.168722 11
0.000052 88
0.000009 2
0.000031 90
0.000085 8
0.000009 77
21.153592 1
0.128122 1
0.131755 1
0.165144 1
0.168425 1
1.417315 1
0.097073 1
0.319245 1
0.088137 1
0.204803 1
0.059823 1
1.248829 1
0.561198 1
0.175165 1
0.178457 1
0.594793 1
0.055626 1
0.150445 1
2.120424 1
0.176331 1
0.251212 1
0.226424 1
1.621745 11
0.012786 26
1.527698 2
0.037684 51
0.001186 85
22.975588 1
0.168868 1
0.179836 1
0.105980 1
0.133924 1
0.823410 1
0.697777 1
0.065259 1
1.181928 1
0.737884 1
0.412550 1
0.267036 2
0.000022 9
0.000171 90
0.000043 8
0.000026 77
18.362316 1
0.082585 1
0.255607 1
0.118945 1
0.169026 2
0.000022 9
0.000080 88
0.000009 90
0.000110 8
0.000045 77
22.629179 1
0.171822 1
0.210053 1
0.105810 1
0.131055 1
0.759783 1
0.231168 1
0.093566 1
0.200430 1
0.676100 1
0.636074 1
0.615525 11
0.000231 90
0.000056 8
0.000026 77
1.282770 1
0.048764 1
0.231578 1
0.115228 1
0.294264 11
0.000063 176
0.000094 85
41.453581 1
0.102293 1
0.196723 1
0.085235 1
0.235869 17
