0.761104 85
7.601372 1
0.096735 1
0.063947 1
0.084864 1
0.630882 1
0.069505 1
0.596757 1
0.063159 1
0.297694 1
0.111132 1
1.171580 1
0.387722 1
0.051834 1
0.746144 11
0.027044 80
0.000678 49
0.000042 10
0.004766 83
0.002188 1684
0.022274 115
0.000045 176
0.003047 1793
1.338063 47
0.514543 1
0.066060 1
0.187912 1
0.000102 20
0.000054 11
0.003079 18
0.000487 70
0.000907 8
0.000009 77
1.152586 1
0.063110 1
0.229649 1
0.123654 1
0.653764 1
0.108676 1
0.239536 8
0.259902 2
0.000041 9
0.002793 599
0.000488 85
1.776671 1
0.042501 1
0.122717 1
1.068585 4
0.147272 4
0.139619 4
0.143343 1
0.564475 14
0.146040 31
0.253068 20
0.277672 17
0.328118 20
0.321309 65
1.196988 11
0.387482 8
0.000176 52
0.005431 6
0.134294 85
1.182049 1
0.088984 1
0.074011 1
0.094446 1
0.999158 1
0.178900 1
0.140773 6
0.458181 11
0.002740 66
0.000299 85
1.818411 1
0.079698 1
0.132780 1
0.118968 1
0.496392 11
0.000213 6
