0.051976 8
0.000139 63
16.334618 1
0.089886 1
0.109325 1
0.753655 1
7.910282 1
0.160214 1
0.149605 1
1.591642 1
0.212649 1
0.336663 1
0.720973 1
1.023129 1
0.046635 1
2.182646 11
0.032126 47
0.001488 80
0.000150 1923
3.539107 33
0.335426 1
0.088581 1
0.159240 33
0.010181 92
0.000434 71
1.413611 1
0.104172 1
0.107572 1
0.777868 1
0.100827 1
0.235256 9
0.479689 11
0.006204 71
1.016125 1
0.102444 1
0.097601 1
0.504055 1
0.237866 1
0.407828 1
0.105785 1
0.230072 1
0.102026 1
0.275014 1
0.816434 4
0.815710 1
0.911421 1
0.879146 1
0.072846 1
2.110542 11
0.002468 47
0.001523 80
0.000164 1923
0.888418 33
0.233897 1
0.087675 1
0.126005 33
0.018980 92
0.000016 71
502.038362 1
0.083873 1
0.634005 1
0.049754 1
0.171257 1
0.103607 1
3.733125 1
0.156209 1
0.821964 1
1.272298 1
1.050162 1
0.120537 1
0.232047 9
0.490012 11
0.001521 71
1.526670 1
0.076308 1
0.707021 1
0.093030 1
1.636794 9
9.034081 1
0.307094 1
0.159813 1
0.273148 1
0.293141 1
0.503154 1
0.214755 1
1.069278 1
0.187070 1
0.173467 1
2.414529 1
0.672420 1
0.423967 1
0.147725 1
0.438020 11
0.001653 60
0.000059 2
0.000028 49
0.000022 2
0.000268 71
108.677746 27
0.908948 11
7.084503 6
0.000075 16
0.000052 19
0.000024 2
0.000071 6
0.000025 18
0.000023 19
0.000021 2
0.000043 6
0.000024 18
0.000022 19
0.000021 2
0.000049 6
0.000025 15
0.000022 19
0.000022 2
0.000062 6
0.000024 21
0.000023 19
0.000021 2
0.000977 6
0.000044 45
0.000049 19
0.000045 2
0.000061 6
0.000035 15
0.000033 19
0.000031 2
0.000074 6
0.000037 21
0.000037 19
0.000045 2
0.000310 6
0.000050 14
0.000036 19
0.000035 2
0.000295 6
0.000036 28
0.000026 19
0.000023 2
0.000392 6
0.000031 35
0.000024 19
0.000022 2
0.000071 6
0.000025 19
0.000023 19
0.000022 2
0.001245 6
0.000059 20
0.000029 19
0.000024 2
0.211255 6
0.000078 17
0.000038 19
0.000032 2
0.019025 6
0.000070 19
0.000036 19
0.000029 2
0.007748 6
0.000057 34
0.000032 19
0.000028 2
0.022079 6
0.000071 22
0.000038 19
0.000030 2
0.068284 6
0.000071 87
0.000032 19
0.000028 2
0.001222 6
0.000219 92
0.000055 19
0.000046 2
0.000068 6
0.000047 89
0.000047 19
0.000042 2
0.020149 6
0.000059 25
0.000026 19
0.000022 2
0.000034 6
0.000023 23
0.000023 19
0.000021 2
0.036881 6
0.000046 20
0.000026 19
0.000023 2
0.000035 6
0.000023 17
0.000023 19
0.000022 2
0.479602 6
0.000065 22
0.000028 19
0.000024 2
0.000035 6
0.000025 22
0.000024 19
0.000022 2
0.001095 6
0.000055 23
0.000037 19
0.000040 2
0.115608 6
0.000090 32
0.000052 19
0.000042 2
0.002073 6
0.000043 22
0.000030 19
0.000027 2
0.014789 6
0.000075 22
0.000027 19
0.000023 2
0.000033 6
0.000024 22
0.000023 19
0.000022 2
0.004002 6
0.000058 96
0.000032 19
0.000123 2
0.000044 6
0.000029 93
0.000028 19
0.000129 2
0.000042 6
0.000029 91
0.000029 19
0.000026 2
0.000854 6
0.000037 36
0.000028 19
0.000027 2
0.000064 6
0.000030 21
0.000027 19
0.000026 2
0.000038 6
0.000028 24
0.000028 19
0.000026 2
0.000036 6
0.000028 24
0.000028 19
0.000025 2
0.002887 6
0.000764 37
0.000073 19
0.000058 2
0.000121 6
0.000057 25
0.000051 19
0.003607 2
0.000763 6
0.000066 30
0.000029 19
0.000024 2
0.000044 6
0.000027 21
0.000025 19
0.000023 2
0.001534 6
0.000127 24
0.000037 19
0.000025 2
0.000045 6
0.000029 22
0.000023 19
0.000022 2
0.001547 6
0.000048 11
0.000031 19
0.000027 2
0.010521 6
0.000055 22
0.000026 19
0.000033 2
0.000495 6
0.000029 23
0.000023 19
0.000022 2
0.000031 6
0.000023 27
0.000022 19
0.000022 2
0.000030 6
0.000022 23
0.000023 19
0.000021 2
0.000390 6
0.000028 16
0.000023 19
0.000022 2
0.000031 6
0.000053 23
0.000160 19
0.000023 2
0.000033 6
0.000023 20
0.000023 19
0.000021 2
0.000029 6
0.000023 16
0.000023 19
0.000021 2
0.000546 6
0.000034 23
0.000034 19
0.000022 2
0.000031 6
0.000024 27
0.000022 19
0.000021 2
0.000030 6
0.000023 23
0.000022 19
0.000021 2
0.000350 6
0.000026 16
0.000023 19
0.000022 2
0.000030 6
0.000023 23
0.000022 19
0.000021 2
0.000029 6
0.000023 20
0.000022 19
0.000021 2
0.000039 6
0.000023 16
0.000032 19
0.000021 2
0.001068 6
0.000033 23
0.000025 19
0.000022 2
0.000031 6
0.000023 27
0.000023 19
0.000021 2
0.000030 6
0.000022 23
0.000023 19
0.000021 2
0.000393 6
0.000112 16
0.000028 19
0.000022 2
0.000033 6
0.000024 23
0.000455 19
0.000029 2
0.000034 6
0.000023 20
0.000023 19
0.000021 2
0.000030 6
0.000022 16
0.000023 19
0.000021 2
0.000484 6
0.000065 23
0.000027 19
0.000022 2
0.000032 6
0.000023 27
0.000022 19
0.000021 2
0.000030 6
0.000022 23
0.000023 19
0.000021 2
0.000349 6
0.000027 16
0.000023 19
0.000021 2
0.000030 6
0.000023 23
0.000022 19
0.000021 2
0.000029 6
0.000023 20
0.000022 19
0.000021 2
0.000114 6
0.000024 16
0.000022 19
0.000022 2
0.000684 6
0.000116 23
0.000062 19
0.000051 2
0.000061 6
0.000041 27
0.000023 19
0.000022 2
0.000031 6
0.000024 23
0.000022 19
0.000021 2
0.000392 6
0.000047 16
0.000052 19
0.000050 2
0.000060 6
0.000052 23
0.000051 19
0.000049 2
0.000058 6
0.000040 20
0.000023 19
0.000021 2
0.000031 6
0.000023 16
0.000023 19
0.000021 2
0.000475 6
0.000047 23
0.000063 19
0.000087 2
0.000091 6
0.000088 27
0.000054 19
0.000027 2
0.000033 6
0.000024 23
0.000022 19
0.000671 2
0.003859 6
0.000052 16
0.000027 19
0.000023 2
0.000036 6
0.000026 23
0.000025 19
0.000025 2
0.000034 6
0.000026 20
0.000024 19
0.000024 2
0.000032 6
0.000025 16
0.000024 19
0.000036 2
0.000858 6
0.000035 23
0.000024 19
0.000023 2
0.000030 6
0.000024 27
0.000022 19
0.000022 2
0.000029 6
0.000023 23
0.000022 19
0.000021 2
0.000388 6
0.000027 16
0.000024 19
0.000021 2
0.000030 6
0.000023 23
0.000023 19
0.000021 2
0.000029 6
0.000023 20
0.000022 19
0.000022 2
0.000028 6
0.000023 16
0.000023 19
0.000021 2
0.001159 6
0.000060 25
0.000026 19
0.000023 2
0.000032 6
0.000024 29
0.000023 19
0.000022 2
0.000031 6
0.000023 25
0.000024 19
0.000022 2
0.000655 6
0.000046 17
0.000025 19
0.000023 2
0.000031 6
0.000024 24
0.000022 19
0.000022 2
0.000049 6
0.000029 21
0.000024 19
0.000022 2
0.000032 6
0.000023 17
0.000023 19
0.000022 2
0.000601 6
0.000037 25
0.000026 19
0.000023 2
0.000035 6
0.000024 29
0.000023 19
0.000022 2
0.000031 6
0.000024 25
0.000207 19
0.000025 2
0.000371 6
0.000027 17
0.000024 19
0.000021 2
0.000032 6
0.000023 24
0.000023 19
0.000021 2
0.000030 6
0.000023 21
0.000023 19
0.000021 2
0.000029 6
0.000023 17
0.000023 19
0.000021 2
0.000514 6
0.000030 25
0.000024 19
0.000022 2
0.000031 6
0.000024 29
0.000022 19
0.000022 2
0.000031 6
0.000023 25
0.000023 19
0.000021 2
0.000457 6
0.000027 17
0.000024 19
0.000021 2
0.000031 6
0.000023 24
0.000023 19
0.000022 2
0.000030 6
0.000023 21
0.000022 19
0.000347 2
0.000035 6
0.000035 17
0.000023 19
0.000021 2
0.000498 6
0.000028 25
0.000024 19
0.000021 2
0.000031 6
0.000023 29
0.000022 19
0.000022 2
0.000029 6
0.000023 25
0.000022 19
0.000022 2
0.000386 6
0.000027 17
0.000024 19
0.000021 2
0.000031 6
0.000023 24
0.000023 19
0.000021 2
0.000029 6
0.000023 21
0.000022 19
0.000022 2
0.000029 6
0.000022 17
0.000023 19
0.000021 2
0.000469 6
0.000027 25
0.000024 19
0.000021 2
0.000030 6
0.000023 29
0.000022 19
0.000022 2
0.000029 6
0.000022 25
0.000023 19
0.000021 2
0.000344 6
0.000026 17
0.000023 19
0.000022 2
0.000030 6
0.000023 24
0.000022 19
0.000021 2
0.000030 6
0.000022 21
0.000023 19
0.000021 2
0.000029 6
0.000022 17
0.000023 19
0.000021 2
0.000548 6
0.000029 25
0.000024 19
0.000022 2
0.000031 6
0.000023 29
0.000027 19
0.000171 2
0.000035 6
0.000024 25
0.000022 19
0.000021 2
0.000350 6
0.000027 17
0.000023 19
0.000022 2
0.000030 6
0.000052 24
0.000085 19
0.000023 2
0.000032 6
0.000023 21
0.000023 19
0.000021 2
0.000029 6
0.000024 17
0.000023 19
0.000021 2
0.000508 6
0.000028 25
0.000023 19
0.000022 2
0.000030 6
0.000023 29
0.000023 19
0.000021 2
0.000030 6
0.000022 25
0.000023 19
0.000021 2
0.000344 6
0.000026 17
0.000023 19
0.000022 2
0.000030 6
0.000023 24
0.000022 19
0.000021 2
0.000029 6
0.000023 21
0.000022 19
0.000021 2
0.000029 6
0.000023 17
0.000022 19
0.000021 2
0.000517 6
0.000030 25
0.000024 19
0.000022 2
0.000031 6
0.000023 29
0.000022 19
0.000022 2
0.000029 6
0.000023 25
0.000023 19
0.000021 2
0.000340 6
0.000026 17
0.000023 19
0.000022 2
0.000030 6
0.000023 24
0.000023 19
0.000021 2
0.000029 6
0.000023 21
0.000023 19
0.000021 2
0.000029 6
0.000023 17
0.000023 19
0.000209 2
0.000652 6
0.000036 25
0.000026 19
0.000023 2
0.000032 6
0.000024 29
0.000023 19
0.000022 2
0.000031 6
0.000023 25
0.000132 19
0.000024 2
0.000498 6
0.000045 17
0.000026 19
0.000022 2
0.000035 6
0.000024 24
0.000024 19
0.000022 2
0.000030 6
0.000024 21
0.000024 19
0.000021 2
0.000030 6
0.000024 17
0.000023 19
0.000021 2
0.000729 6
0.000078 25
0.000029 19
0.000024 2
0.000040 6
0.000068 29
0.000027 19
0.000022 2
0.000034 6
0.000024 25
0.000023 19
0.000022 2
0.000448 6
0.000036 17
0.000024 19
0.000023 2
0.000034 6
0.000025 24
0.000024 19
0.000022 2
0.000032 6
0.000025 21
0.000023 19
0.000022 2
0.000031 6
0.000024 17
0.000467 19
0.000037 2
0.000568 6
0.000032 25
0.000024 19
0.000022 2
0.000032 6
0.000024 29
0.000024 19
0.000022 2
0.000030 6
0.000023 25
0.000024 19
0.000022 2
0.000390 6
0.000027 17
0.000024 19
0.000022 2
0.000033 6
0.000024 24
0.000024 19
0.000022 2
0.000032 6
0.000024 21
0.000023 19
0.000022 2
0.000032 6
0.000025 17
0.000023 19
0.000022 2
0.000593 6
0.000031 25
0.000024 19
0.000022 2
0.000031 6
0.000024 29
0.000022 19
0.000022 2
0.000031 6
0.000023 25
0.000023 19
0.000022 2
0.000391 6
0.000027 17
0.000024 19
0.000021 2
0.000030 6
0.000024 24
0.000022 19
0.000021 2
0.000029 6
0.000023 21
0.000022 19
0.000021 2
0.000029 6
0.000023 17
0.000022 19
0.000021 2
0.000787 6
0.000084 25
0.000052 19
0.000050 2
0.000059 6
0.000053 29
0.000050 19
0.000119 2
0.000061 6
0.000054 25
0.000050 19
0.000049 2
0.000441 6
0.000887 17
0.000014 19
0.000083 2
0.003559 6
0.000039 24
0.000035 19
0.000024 2
0.000039 6
0.000025 21
0.000025 19
0.000022 2
0.000034 6
0.000024 17
0.000025 19
0.000022 2
0.000632 6
0.000043 25
0.000024 19
0.000022 2
0.000032 6
0.000023 29
0.000022 19
0.000022 2
0.000029 6
0.000022 25
0.000023 19
0.000021 2
0.000360 6
0.000026 17
0.000023 19
0.000022 2
0.000030 6
0.000023 24
0.000022 19
0.000021 2
0.000030 6
0.000217 21
0.000024 19
0.000021 2
0.000033 6
0.000023 17
0.000023 19
0.000021 2
0.000480 6
0.000028 25
0.000024 19
0.000021 2
0.000030 6
0.000023 29
0.000023 19
0.000033 2
0.000031 6
0.000023 25
0.000044 19
0.000037 2
0.000458 6
0.000029 17
0.000024 19
0.000022 2
0.000030 6
0.000023 24
0.000023 19
0.000021 2
0.000029 6
0.000023 21
0.000022 19
0.000021 2
0.000031 6
0.000023 17
0.000022 19
0.000021 2
0.000479 6
0.000028 25
0.000023 19
0.000021 2
0.000032 6
0.000023 29
0.000022 19
0.000022 2
0.000029 6
0.000023 25
0.000022 19
0.000022 2
0.000347 6
0.000026 17
0.000023 19
0.000022 2
0.000029 6
0.000023 24
0.000023 19
0.000021 2
0.000029 6
0.000023 21
0.000022 19
0.000021 2
0.000030 6
0.000022 17
0.000023 19
0.000021 2
0.000623 6
0.000029 25
0.000023 19
0.000022 2
0.000030 6
0.000023 29
0.000023 19
0.000021 2
0.000029 6
0.000023 25
0.000022 19
0.000021 2
0.000401 6
0.000029 17
0.000024 19
0.000022 2
0.000035 6
0.000035 24
0.000034 19
0.000033 2
0.000036 6
0.000033 21
0.000034 19
0.000034 2
0.000053 6
0.000039 17
0.000037 19
0.000024 2
0.000685 6
0.000045 25
0.000025 19
0.000022 2
0.000033 6
0.000023 29
0.000023 19
0.000021 2
0.000030 6
0.000023 25
0.000023 19
0.000058 2
0.000428 6
0.000027 17
0.000024 19
0.000021 2
0.000031 6
0.000023 24
0.000023 19
0.000021 2
0.000030 6
0.000022 21
0.000023 19
0.000021 2
0.000029 6
0.000023 17
0.000022 19
0.000021 2
0.000524 6
0.000028 25
0.000023 19
0.000022 2
0.000031 6
0.000037 29
0.000035 19
0.000021 2
0.000029 6
0.000023 25
0.000022 19
0.000021 2
0.000654 6
0.000031 17
0.000035 19
0.000022 2
0.000031 6
0.000023 24
0.000023 19
0.000021 2
0.000030 6
0.000023 21
0.000022 19
0.000021 2
0.000030 6
0.000023 17
0.000023 19
0.000021 2
0.000490 6
0.000055 25
0.000037 19
0.000022 2
0.000032 6
0.000023 29
0.000022 19
0.000021 2
0.000030 6
0.000022 25
0.000022 19
0.000021 2
0.000372 6
0.000028 17
0.000024 19
0.000022 2
0.000034 6
0.000024 24
0.000023 19
0.000022 2
0.000030 6
0.000034 21
0.000022 19
0.000021 2
0.000030 6
0.000022 17
0.000022 19
0.000021 2
0.000492 6
0.000028 25
0.000023 19
0.000021 2
0.000030 6
0.000023 29
0.000022 19
0.000021 2
0.000029 6
0.000023 25
0.000022 19
0.000021 2
0.000349 6
0.000026 17
0.000023 19
0.000021 2
0.000389 6
0.000027 24
0.000023 19
0.000022 2
0.000032 6
0.000023 21
0.000022 19
0.000021 2
0.000029 6
0.000023 17
0.000022 19
0.000021 2
0.000477 6
0.000027 25
0.000061 19
0.000022 2
0.000031 6
0.000022 29
0.000023 19
0.000021 2
0.000029 6
0.000022 25
0.000022 19
0.000021 2
0.001026 6
0.000054 17
0.000024 19
0.000022 2
0.000031 6
0.000023 24
0.000022 19
0.000022 2
0.000029 6
0.000023 21
0.000022 19
0.000022 2
0.000029 6
0.000023 17
0.000022 19
0.000021 2
0.000500 6
0.000027 25
0.000023 19
0.000021 2
0.000030 6
0.000023 29
0.000023 19
0.000021 2
0.000029 6
0.000022 25
0.000023 19
0.000021 2
0.000433 6
0.000028 17
0.000023 19
0.000021 2
0.000263 6
0.000029 24
0.000023 19
0.000022 2
0.000032 6
0.000023 21
0.000022 19
0.000021 2
0.000030 6
0.000022 17
0.000023 19
0.000021 2
0.000472 6
0.000027 25
0.000024 19
0.000021 2
0.000030 6
0.000023 29
0.000023 19
0.000021 2
0.000029 6
0.000022 25
0.000023 19
0.000020 2
0.000344 6
0.000026 17
0.000023 19
0.000058 2
0.000046 6
0.000023 24
0.000023 19
0.000021 2
0.000029 6
0.000023 21
0.000022 19
0.000021 2
0.000029 6
0.000036 17
0.000023 19
0.000021 2
0.000576 6
0.000030 25
0.000023 19
0.000022 2
0.000031 6
0.000023 29
0.000023 19
0.000021 2
0.000029 6
0.000023 25
0.000022 19
0.000021 2
0.000348 6
0.000026 17
0.000023 19
0.000021 2
0.000031 6
0.000023 24
0.000022 19
0.000022 2
0.000029 6
0.000022 21
0.000023 19
0.000021 2
0.000029 6
0.000023 17
0.000022 19
0.000021 2
0.000467 6
0.000027 25
0.000029 19
0.000022 2
0.000031 6
0.000023 29
0.000022 19
0.000022 2
0.000029 6
0.000022 25
0.000023 19
0.000021 2
0.000347 6
0.000026 17
0.000023 19
0.000021 2
0.000030 6
0.000023 24
0.000023 19
0.000021 2
0.000029 6
0.000023 21
0.000022 19
0.000021 2
0.000029 6
0.000023 17
0.000022 19
0.000022 2
0.000464 6
0.000027 25
0.000023 19
0.000022 2
0.000030 6
0.000023 29
0.000023 19
0.000021 2
0.000321 6
0.000026 25
0.000023 19
0.000021 2
0.000346 6
0.000026 17
0.000023 19
0.000022 2
0.000030 6
0.000023 24
0.000022 19
0.000022 2
0.000029 6
0.000023 21
0.000022 19
0.000021 2
0.000029 6
0.000022 17
0.000023 19
0.000021 2
0.000468 6
0.000027 25
0.000023 19
0.000022 2
0.000030 6
0.000023 29
0.000022 19
0.000022 2
0.000028 6
0.000023 25
0.000023 19
0.000094 2
0.000675 6
0.000063 17
0.000052 19
0.000049 2
0.000060 6
0.000064 24
0.000060 19
0.000049 2
0.000881 6
0.000074 21
0.003271 19
0.000036 2
0.000068 6
0.000026 17
0.000082 19
0.000024 2
0.000865 6
0.000054 25
0.000026 19
0.000023 2
0.000034 6
0.000033 29
0.000023 19
0.000022 2
0.000029 6
0.000023 25
0.000023 19
0.000021 2
0.000365 6
0.000026 17
0.000023 19
0.000022 2
0.000030 6
0.000023 24
0.000022 19
0.000021 2
0.000030 6
0.000023 21
0.000022 19
0.000021 2
0.000029 6
0.000023 17
0.000033 19
0.000022 2
0.000495 6
0.000027 27
0.000024 19
0.000021 2
0.000031 6
0.000053 31
0.000033 19
0.000021 2
0.000032 6
0.000023 27
0.000022 19
0.000021 2
0.000477 6
0.000027 18
0.000023 19
0.000022 2
0.000030 6
0.000023 25
0.000023 19
0.000021 2
0.000030 6
0.000022 22
0.000023 19
0.000021 2
0.000029 6
0.000022 18
0.000023 19
0.000021 2
0.000479 6
0.000027 27
0.000024 19
0.000021 2
0.000030 6
0.000023 31
0.000023 19
0.000021 2
0.000029 6
0.000023 27
0.000022 19
0.000022 2
0.000387 6
0.000027 18
0.000024 19
0.000021 2
0.000030 6
0.000023 25
0.000023 19
0.000021 2
0.000029 6
0.000023 22
0.000022 19
0.000021 2
0.000029 6
0.000022 18
0.000023 19
0.000021 2
0.000473 6
0.000038 27
0.000024 19
0.000045 2
0.000065 6
0.000047 31
0.000036 19
0.000023 2
0.000043 6
0.000062 27
0.000043 19
0.000022 2
0.000359 6
0.000027 18
0.000023 19
0.000021 2
0.000031 6
0.000022 25
0.000023 19
0.000021 2
0.000029 6
0.000023 22
0.000022 19
0.000022 2
0.000029 6
0.000022 18
0.000022 19
0.000021 2
0.000571 6
0.000028 27
0.000024 19
0.000022 2
0.000030 6
0.000023 31
0.000022 19
0.000021 2
0.000031 6
0.000022 27
0.000023 19
0.000021 2
0.000343 6
0.000026 18
0.000023 19
0.000021 2
0.000030 6
0.000023 25
0.000023 19
0.000021 2
0.000029 6
0.000023 22
0.000022 19
0.000021 2
0.000029 6
0.000023 18
0.000022 19
0.000021 2
0.000509 6
0.000028 27
0.000023 19
0.000022 2
0.000031 6
0.000023 31
0.000023 19
0.000021 2
0.000030 6
0.000022 27
0.000023 19
0.000021 2
0.000411 6
0.000029 18
0.000024 19
0.000022 2
0.000032 6
0.000024 25
0.000027 19
0.000054 2
0.000035 6
0.000024 22
0.000062 19
0.000023 2
0.000032 6
0.000024 18
0.000023 19
0.000022 2
0.000743 6
0.000051 27
0.000025 19
0.000022 2
0.000032 6
0.000023 31
0.000023 19
0.000021 2
0.000030 6
0.000023 27
0.000023 19
0.000022 2
0.000809 6
0.000030 18
0.000024 19
0.000021 2
0.000032 6
0.000023 25
0.000036 19
0.000021 2
0.000042 6
0.000023 22
0.000023 19
0.000021 2
0.000029 6
0.000023 18
0.000022 19
0.000021 2
0.000546 6
0.000029 27
0.000024 19
0.000022 2
0.000031 6
0.000023 31
0.000023 19
0.000021 2
0.000030 6
0.000023 27
0.000022 19
0.000021 2
0.000352 6
0.000026 18
0.000023 19
0.000021 2
0.000031 6
0.000023 25
0.000022 19
0.000021 2
0.000030 6
0.000023 22
0.000022 19
0.000021 2
0.000029 6
0.000023 18
0.000022 19
0.000022 2
0.000515 6
0.000027 27
0.000024 19
0.000021 2
0.000031 6
0.000023 31
0.000023 19
0.000021 2
0.000030 6
0.000022 27
0.000023 19
0.000021 2
0.000349 6
0.000026 18
0.000023 19
0.000021 2
0.000030 6
0.000023 25
0.000268 19
0.000038 2
0.000033 6
0.000023 22
0.000023 19
0.000021 2
0.000029 6
0.000023 18
0.000022 19
0.000021 2
0.000470 6
0.000028 27
0.000023 19
0.000021 2
0.000030 6
0.000023 31
0.000023 19
0.000021 2
0.000029 6
0.000023 27
0.000022 19
0.000022 2
0.000344 6
0.000026 18
0.000023 19
0.000022 2
0.000030 6
0.000056 25
0.000037 19
0.000021 2
0.000031 6
0.000023 22
0.000022 19
0.000021 2
0.000030 6
0.000022 18
0.000022 19
0.000021 2
0.000470 6
0.000028 27
0.000023 19
0.000021 2
0.000031 6
0.000023 31
0.000022 19
0.000021 2
0.000030 6
0.000022 27
0.000022 19
0.000021 2
0.000343 6
0.000039 18
0.000034 19
0.000021 2
0.000030 6
0.000023 25
0.000022 19
0.000021 2
0.000029 6
0.000023 22
0.000022 19
0.000022 2
0.000029 6
0.000022 18
0.000022 19
0.000021 2
0.000803 6
0.000028 27
0.000024 19
0.000022 2
0.000030 6
0.000023 31
0.000023 19
0.000021 2
0.000029 6
0.000023 27
0.000022 19
0.000021 2
0.000341 6
0.000026 18
0.000023 19
0.000021 2
0.000031 6
0.000023 25
0.000022 19
0.000021 2
0.000029 6
0.000023 22
0.000022 19
0.000022 2
0.000029 6
0.000022 18
0.000022 19
0.000022 2
0.000629 6
0.000028 27
0.000024 19
0.000022 2
0.000030 6
0.000024 31
0.000022 19
0.000022 2
0.000029 6
0.000023 27
0.000022 19
0.000021 2
0.000345 6
0.000026 18
0.000023 19
0.000021 2
0.000030 6
0.000023 25
0.000052 19
0.000031 2
0.000032 6
0.000023 22
0.000022 19
0.000022 2
0.000029 6
0.000023 18
0.000022 19
0.000021 2
0.000517 6
0.000061 27
0.000042 19
0.000039 2
0.000056 6
0.000048 31
0.000040 19
0.000039 2
0.000037 6
0.000024 27
0.000385 19
0.000026 2
0.000485 6
0.000074 18
0.000055 19
0.000051 2
0.000052 6
0.000025 25
0.000023 19
0.000022 2
0.000032 6
0.000023 22
0.000023 19
0.000022 2
0.000030 6
0.000024 18
0.000023 19
0.000022 2
0.000805 6
0.000082 27
0.000029 19
0.000024 2
0.000034 6
0.000024 31
0.000024 19
0.000022 2
0.000030 6
0.000023 27
0.000023 19
0.000023 2
0.000482 6
0.000043 18
0.000026 19
0.000023 2
0.000033 6
0.000025 25
0.000024 19
0.000023 2
0.000031 6
0.000024 22
0.000023 19
0.000023 2
0.000033 6
0.000050 18
0.000037 19
0.000045 2
0.007089 6
0.000177 27
0.000032 19
0.000026 2
0.000083 6
0.000069 31
0.000071 19
0.000056 2
0.000082 6
0.000038 27
0.000038 19
0.000024 2
0.000510 6
0.000040 18
0.000025 19
0.000022 2
0.000044 6
0.000023 25
0.000023 19
0.000021 2
0.000030 6
0.000023 22
0.000022 19
0.000022 2
0.000029 6
0.000022 18
0.000023 19
0.000021 2
0.000681 6
0.000031 27
0.000024 19
0.000021 2
0.000032 6
0.000022 31
0.000023 19
0.000021 2
0.000029 6
0.000023 27
0.000023 19
0.000021 2
0.000353 6
0.000026 18
0.000023 19
0.000021 2
0.000031 6
0.000023 25
0.000022 19
0.000022 2
0.000029 6
0.000022 22
0.000023 19
0.000021 2
0.000029 6
0.000023 18
0.000022 19
0.000021 2
0.000533 6
0.000028 27
0.000024 19
0.000022 2
0.000031 6
0.000023 31
0.000023 19
0.000021 2
0.000029 6
0.000023 27
0.000023 19
0.000021 2
0.000346 6
0.000027 18
0.000023 19
0.000021 2
0.000030 6
0.000023 25
0.000023 19
0.000021 2
0.000029 6
0.000023 22
0.000022 19
0.000021 2
0.000029 6
0.000023 18
0.000022 19
0.000021 2
0.000470 6
0.000026 27
0.000024 19
0.000098 2
0.000035 6
0.000143 31
0.000026 19
0.000021 2
0.000032 6
0.000036 27
0.000034 19
0.000054 2
0.000451 6
0.000030 18
0.000024 19
0.000061 2
0.000033 6
0.000023 25
0.000023 19
0.000022 2
0.000029 6
0.000023 22
0.000022 19
0.000022 2
0.000029 6
0.000022 18
0.000023 19
0.000021 2
0.000479 6
0.000027 27
0.000023 19
0.000022 2
0.000030 6
0.000023 31
0.000023 19
0.000021 2
0.000030 6
0.000023 27
0.000023 19
0.000021 2
0.000393 6
0.000027 18
0.000023 19
0.000021 2
0.000030 6
0.000023 25
0.000023 19
0.000021 2
0.000029 6
0.000023 22
0.000022 19
0.000022 2
0.000028 6
0.000023 18
0.000023 19
0.000021 2
0.000475 6
0.000027 27
0.000023 19
0.000021 2
0.000030 6
0.000023 31
0.000023 19
0.000021 2
0.000029 6
0.000023 27
0.000022 19
0.000021 2
0.000404 6
0.000028 18
0.000024 19
0.000251 2
0.000236 6
0.000026 25
0.000024 19
0.000022 2
0.000031 6
0.000024 22
0.000023 19
0.000022 2
0.000030 6
0.000024 18
0.000023 19
0.000022 2
0.000642 6
0.000032 27
0.000023 19
0.000022 2
0.000031 6
0.000023 31
0.000023 19
0.000021 2
0.000029 6
0.000023 27
0.000023 19
0.000021 2
0.000456 6
0.000044 18
0.000025 19
0.000022 2
0.000037 6
0.000024 25
0.000022 19
0.000022 2
0.000030 6
0.000023 22
0.000023 19
0.000021 2
0.000029 6
0.000023 18
0.000023 19
0.000021 2
0.000523 6
0.000029 27
0.000024 19
0.000022 2
0.000030 6
0.000024 31
0.000022 19
0.000022 2
0.000029 6
0.000023 27
0.000022 19
0.000021 2
0.000354 6
0.000026 18
0.000023 19
0.000022 2
0.000030 6
0.000023 25
0.000023 19
0.000021 2
0.000029 6
0.000023 22
0.000023 19
0.000021 2
0.000029 6
0.000023 18
0.000022 19
0.000022 2
0.000785 6
0.000030 27
0.000024 19
0.000022 2
0.000032 6
0.000023 31
0.000023 19
0.000022 2
0.000029 6
0.000023 27
0.000023 19
0.000022 2
0.000344 6
0.000027 18
0.000023 19
0.000021 2
0.000031 6
0.000023 25
0.000023 19
0.000021 2
0.000030 6
0.000023 22
0.000022 19
0.000022 2
0.000029 6
0.000023 18
0.000023 19
0.000021 2
0.000629 6
0.000030 27
0.000024 19
0.000021 2
0.000031 6
0.000052 31
0.000033 19
0.000022 2
0.000031 6
0.000023 27
0.000023 19
0.000021 2
0.000354 6
0.000026 18
0.000023 19
0.000021 2
0.000030 6
0.000026 25
0.000036 19
0.000022 2
0.000031 6
0.000034 22
0.000023 19
0.000021 2
0.000029 6
0.000023 18
0.000023 19
0.000021 2
0.000484 6
0.000027 27
0.000023 19
0.000022 2
0.000030 6
0.000023 31
0.000022 19
0.000022 2
0.000029 6
0.000244 27
0.000027 19
0.000021 2
0.000344 6
0.000026 18
0.000023 19
0.000021 2
0.000030 6
0.000023 25
0.000022 19
0.000021 2
0.000030 6
0.000022 22
0.000023 19
0.000021 2
0.000029 6
0.000022 18
0.000022 19
0.000021 2
0.000465 6
0.000027 27
0.000023 19
0.000021 2
0.000030 6
0.000023 31
0.000023 19
0.000021 2
0.000029 6
0.000023 27
0.000022 19
0.000021 2
0.000390 6
0.000027 18
0.000024 19
0.000021 2
0.000031 6
0.000022 25
0.000023 19
0.000021 2
0.000030 6
0.000023 22
0.000022 19
0.000021 2
0.000029 6
0.000023 18
0.000022 19
0.000021 2
0.000471 6
0.000028 27
0.000023 19
0.000021 2
0.000030 6
0.000023 31
0.000023 19
0.000021 2
0.000029 6
0.000023 27
0.000022 19
0.000022 2
0.000346 6
0.000025 18
0.000023 19
0.000022 2
0.000030 6
0.000023 25
0.000023 19
0.000021 2
0.000111 6
0.000024 22
0.000023 19
0.000195 2
0.000037 6
0.000023 18
0.000023 19
0.000021 2
0.000467 6
0.000050 27
0.000052 19
0.000050 2
0.000072 6
0.000094 31
0.000041 19
0.000038 2
0.000057 6
0.000045 27
0.000046 19
0.000036 2
0.000362 6
0.000050 18
0.000053 19
0.000049 2
0.000060 6
0.000054 25
0.000038 19
0.000052 2
0.000059 6
0.000024 22
0.000035 19
0.000021 2
0.000030 6
0.000022 18
0.000023 19
0.000021 2
0.000488 6
0.000049 27
0.000051 19
0.000049 2
0.000059 6
0.000040 31
0.000023 19
0.000021 2
0.000031 6
0.000023 27
0.000022 19
0.000021 2
0.000345 6
0.000026 18
0.000023 19
0.000021 2
0.000030 6
0.000023 25
0.000023 19
0.000021 2
0.004329 6
0.000046 22
0.000028 19
0.000476 2
0.000074 6
0.000028 18
0.000024 19
0.000023 2
0.000611 6
0.000040 27
0.000025 19
0.000024 2
0.000033 6
0.000025 31
0.000023 19
0.000022 2
0.000032 6
0.000024 27
0.000023 19
0.000023 2
0.000375 6
0.000073 18
0.000047 19
0.000036 2
0.000098 6
0.000054 25
0.000049 19
0.000032 2
0.000041 6
0.000025 22
0.000023 19
0.000022 2
0.000031 6
0.000023 18
0.000024 19
0.000021 2
0.000575 6
0.000029 27
0.000025 19
0.000022 2
0.000031 6
0.000025 31
0.000023 19
0.000068 2
0.000034 6
0.000024 27
0.000023 19
0.000022 2
0.000403 6
0.000029 18
0.000024 19
0.000023 2
0.000032 6
0.000024 25
0.000024 19
0.000150 2
0.000044 6
0.000025 22
0.000024 19
0.000022 2
0.000031 6
0.000024 18
0.000024 19
0.000022 2
0.000524 6
0.000030 27
0.000025 19
0.000022 2
0.000032 6
0.000024 31
0.000023 19
0.000022 2
0.000031 6
0.000024 27
0.000023 19
0.000022 2
0.000419 6
0.000028 27
0.000024 19
0.000023 2
0.000031 6
0.000024 31
0.000023 19
0.000022 2
0.000030 6
0.000024 27
0.000023 19
0.000021 2
0.000438 6
0.000028 27
0.000024 19
0.000022 2
0.000031 6
0.000024 31
0.000023 19
0.000022 2
0.000030 6
0.000023 27
0.000023 19
0.000022 2
0.000363 6
0.000027 18
0.000023 19
0.000022 2
0.000031 6
0.000024 25
0.000023 19
0.000022 2
0.000030 6
0.000023 22
0.000023 19
0.000022 2
0.000029 6
0.000024 18
0.000023 19
0.000021 2
0.000492 6
0.000028 27
0.000024 19
0.000022 2
0.000031 6
0.000023 31
0.000023 19
0.000124 2
0.000034 6
0.000024 27
0.000023 19
0.000022 2
0.000410 6
0.000027 27
0.000024 19
0.000022 2
0.000032 6
0.000023 31
0.000023 19
0.000022 2
0.000030 6
0.000023 27
0.000023 19
0.000021 2
0.000403 6
0.000027 27
0.000024 19
0.000022 2
0.000031 6
0.000023 31
0.000023 19
0.000022 2
0.000029 6
0.000023 27
0.000023 19
0.000022 2
0.000549 6
0.000033 27
0.000024 19
0.000022 2
0.000031 6
0.000023 31
0.000022 19
0.000021 2
0.000030 6
0.000052 27
0.000032 19
0.000021 2
0.000985 6
0.000053 18
0.000024 19
0.000022 2
0.000031 6
0.000023 25
0.000023 19
0.000021 2
0.000031 6
0.000023 22
0.000022 19
0.000022 2
0.000029 6
0.000023 18
0.000022 19
0.000022 2
0.000981 6
0.000031 27
0.000025 19
0.000022 2
0.000031 6
0.000023 31
0.000023 19
0.000021 2
0.000029 6
0.000023 27
0.000023 19
0.000021 2
0.000345 6
0.000026 18
0.000023 19
0.000022 2
0.000030 6
0.000023 25
0.000022 19
0.000021 2
0.000029 6
0.000023 22
0.000022 19
0.000022 2
0.000028 6
0.000023 18
0.000023 19
0.000021 2
0.000561 6
0.000029 27
0.000035 19
0.000039 2
0.000044 6
0.000025 31
0.000033 19
0.000034 2
0.000055 6
0.000029 27
0.000126 19
0.000074 2
0.000362 6
0.000026 18
0.000024 19
0.000021 2
0.000031 6
0.000023 25
0.000022 19
0.000022 2
0.000029 6
0.000023 22
0.000023 19
0.000021 2
0.000030 6
0.000023 18
0.000022 19
0.000021 2
0.000772 6
0.000029 27
0.000024 19
0.000021 2
0.000031 6
0.000023 31
0.000034 19
0.000022 2
0.000039 6
0.000023 27
0.000022 19
0.000021 2
0.000394 6
0.000027 27
0.000023 19
0.000021 2
0.000030 6
0.000023 31
0.000022 19
0.000021 2
0.000029 6
0.000023 27
0.000022 19
0.000021 2
0.000395 6
0.000026 27
0.000023 19
0.000022 2
0.000030 6
0.000022 31
0.000023 19
0.000021 2
0.000028 6
0.000023 27
0.000022 19
0.000023 2
0.000454 6
0.000028 27
0.000023 19
0.000022 2
0.000030 6
0.000023 31
0.000023 19
0.000021 2
0.000030 6
0.000023 27
0.000022 19
0.000021 2
0.000391 6
0.000026 27
0.000023 19
0.000022 2
0.000030 6
0.000023 31
0.000022 19
0.000021 2
0.000029 6
0.000023 27
0.000022 19
0.000021 2
0.000396 6
0.000096 28
0.000025 19
0.000021 2
0.000032 6
0.000197 32
0.000028 19
0.000021 2
0.000032 6
0.000023 28
0.000023 19
0.000021 2
0.000338 6
0.000025 18
0.000023 19
0.000022 2
0.000030 6
0.000023 25
0.000022 19
0.000022 2
0.000029 6
0.000023 22
0.000022 19
0.000021 2
0.000029 6
0.000023 18
0.000022 19
0.000021 2
0.000468 6
0.000027 27
0.000023 19
0.000022 2
0.000030 6
0.000023 31
0.000022 19
0.000021 2
0.000029 6
0.000023 27
0.000022 19
0.000021 2
0.000341 6
0.000056 18
0.000037 19
0.000022 2
0.000032 6
0.000023 25
0.000022 19
0.000021 2
0.000030 6
0.000022 22
0.000023 19
0.000021 2
0.000029 6
0.000023 18
0.000022 19
0.000021 2
0.000471 6
0.000027 27
0.000023 19
0.000021 2
0.000031 6
0.000023 31
0.000022 19
0.000021 2
0.000029 6
0.000023 27
0.000022 19
0.000022 2
0.000413 6
0.000027 27
0.000023 19
0.000021 2
0.000031 6
0.000022 31
0.000023 19
0.000021 2
0.000029 6
0.000023 27
0.000022 19
0.000021 2
0.000565 6
0.000061 27
0.000052 19
0.000049 2
0.000058 6
0.000052 31
0.000049 19
0.000049 2
0.000057 6
0.000052 27
0.000049 19
0.000049 2
0.000360 6
0.000057 18
0.000050 19
0.000048 2
0.000059 6
0.000051 25
0.000050 19
0.000048 2
0.000058 6
0.000051 22
0.000049 19
0.000088 2
0.000060 6
0.000074 18
0.000070 19
0.000052 2
0.000596 6
0.006462 27
0.000041 19
0.000025 2
0.000052 6
0.000025 31
0.000023 19
0.000022 2
0.000032 6
0.000024 27
0.000023 19
0.000022 2
0.000411 6
0.000034 18
0.000028 19
0.000081 2
0.000069 6
0.000027 25
0.000026 19
0.000026 2
0.000036 6
0.000025 22
0.000023 19
0.000022 2
0.000030 6
0.000983 18
0.000049 19
0.000028 2
0.001355 6
0.000074 27
0.000028 19
0.000023 2
0.000036 6
0.000024 31
0.000024 19
0.000023 2
0.000031 6
0.000024 27
0.000023 19
0.000033 2
0.000381 6
0.000028 18
0.000023 19
0.000021 2
0.000031 6
0.000023 25
0.000023 19
0.000021 2
0.000030 6
0.000023 22
0.000023 19
0.000021 2
0.000029 6
0.000023 18
0.000022 19
0.000021 2
0.000596 6
0.000029 27
0.000024 19
0.000022 2
0.000031 6
0.000024 31
0.000022 19
0.000022 2
0.000030 6
0.000023 27
0.000023 19
0.000026 2
0.000424 6
0.000026 27
0.000053 19
0.000031 2
0.000032 6
0.000024 31
0.000023 19
0.000021 2
0.000029 6
0.000036 27
0.000033 19
0.000021 2
0.000596 6
0.000028 27
0.000024 19
0.000021 2
0.000031 6
0.000023 31
0.000022 19
0.000021 2
0.000031 6
0.000023 27
0.000022 19
0.000021 2
0.000345 6
0.000026 18
0.000023 19
0.000021 2
0.000030 6
0.000023 25
0.000023 19
0.000021 2
0.000029 6
0.000023 22
0.000022 19
0.000022 2
0.000029 6
0.000022 18
0.000023 19
0.000021 2
0.000479 6
0.000027 27
0.000023 19
0.000022 2
0.000030 6
0.000023 31
0.000023 19
0.000021 2
0.000029 6
0.000023 27
0.000022 19
0.000021 2
0.000390 6
0.000027 18
0.000023 19
0.000022 2
0.000030 6
0.000023 25
0.000022 19
0.000022 2
0.000029 6
0.000022 22
0.000023 19
0.000021 2
0.000029 6
0.000023 18
0.000022 19
0.000021 2
0.000506 6
0.000043 27
0.000041 19
0.000026 2
0.000035 6
0.000024 31
0.000023 19
0.000022 2
0.000040 6
0.000023 27
0.000022 19
0.000022 2
0.000723 6
0.000028 18
0.000024 19
0.000021 2
0.000031 6
0.000023 25
0.000023 19
0.000021 2
0.000029 6
0.000023 22
0.000022 19
0.000021 2
0.000029 6
0.000022 18
0.000022 19
0.000021 2
0.000506 6
0.000028 27
0.000023 19
0.000021 2
0.000031 6
0.000022 31
0.000023 19
0.000021 2
0.000029 6
0.000023 27
0.000022 19
0.000021 2
0.000388 6
0.000026 27
0.000023 19
0.000022 2
0.000029 6
0.000023 31
0.000022 19
0.000021 2
0.000029 6
0.000022 27
0.000022 19
0.000021 2
0.000447 6
0.000028 27
0.000024 19
0.000023 2
0.000031 6
0.000023 31
0.000023 19
0.000022 2
0.000030 6
0.000023 27
0.000023 19
0.000022 2
0.000364 6
0.000028 18
0.000024 19
0.000021 2
0.000031 6
0.000024 25
0.000023 19
0.000022 2
0.000030 6
0.000024 22
0.000022 19
0.000022 2
0.000030 6
0.000024 18
0.000023 19
0.000022 2
0.000964 6
0.000055 27
0.000026 19
0.000022 2
0.000035 6
0.000023 31
0.000023 19
0.000021 2
0.000030 6
0.000022 27
0.000023 19
0.000021 2
0.000436 6
0.000028 27
0.000023 19
0.000022 2
0.000030 6
0.000023 31
0.000022 19
0.000021 2
0.000029 6
0.000023 27
0.000022 19
0.000022 2
0.000455 6
0.000030 27
0.000024 19
0.000021 2
0.000032 6
0.000023 31
0.000023 19
0.000021 2
0.000030 6
0.000023 27
0.000022 19
0.000052 2
0.000426 6
0.000028 27
0.000024 19
0.000022 2
0.000030 6
0.000023 31
0.000023 19
0.000021 2
0.000030 6
0.000022 27
0.000023 19
0.000021 2
0.000410 6
0.000027 27
0.000024 19
0.000022 2
0.000030 6
0.000023 31
0.000023 19
0.000021 2
0.000029 6
0.000023 27
0.000023 19
0.000021 2
0.000657 6
0.000029 27
0.000023 19
0.000022 2
0.000033 6
0.000023 31
0.000023 19
0.000021 2
0.000029 6
0.000023 27
0.000023 19
0.000021 2
0.000346 6
0.000028 18
0.000036 19
0.000022 2
0.000031 6
0.000035 25
0.000022 19
0.000021 2
0.000029 6
0.000023 22
0.000022 19
0.000021 2
0.000029 6
0.000023 18
0.000022 19
0.000022 2
0.000482 6
0.000027 27
0.000024 19
0.000021 2
0.000030 6
0.000023 31
0.000023 19
0.000021 2
0.000029 6
0.000023 27
0.000022 19
0.000021 2
0.000394 6
0.000027 18
0.000024 19
0.000021 2
0.000031 6
0.000023 25
0.000022 19
0.000022 2
0.000029 6
0.000023 22
0.000022 19
0.000021 2
0.000029 6
0.000023 18
0.000023 19
0.000021 2
0.000470 6
0.000027 27
0.000024 19
0.000021 2
0.000030 6
0.000023 31
0.000023 19
0.000021 2
0.000029 6
0.000023 27
0.000023 19
0.000021 2
0.000343 6
0.000026 18
0.000023 19
0.000021 2
0.000030 6
0.000023 25
0.000221 19
0.000094 2
0.000061 6
0.000052 22
0.000050 19
0.000049 2
0.000058 6
0.000052 18
0.000050 19
0.000048 2
0.000508 6
0.000061 27
0.000051 19
0.000049 2
0.000058 6
0.000052 31
0.000050 19
0.000049 2
0.000058 6
0.000052 27
0.000049 19
0.000049 2
0.000369 6
0.000919 18
0.000014 19
0.000009 2
0.003657 6
0.000054 25
0.000043 19
0.000051 2
0.000073 6
0.000049 22
0.000085 19
0.000037 2
0.000039 6
0.000024 18
0.000024 19
0.000023 2
0.000801 6
0.000043 27
0.000025 19
0.000022 2
0.000033 6
0.000024 31
0.000024 19
0.000021 2
0.000031 6
0.000023 27
0.000023 19
0.000022 2
0.000509 6
0.000046 18
0.000026 19
0.000029 2
0.000051 6
0.000035 25
0.000032 19
0.000022 2
0.000045 6
0.000036 22
0.000049 19
0.000030 2
0.000045 6
0.000050 18
0.000032 19
0.000022 2
0.000556 6
0.000028 27
0.000024 19
0.000021 2
0.000032 6
0.000024 31
0.000022 19
0.000022 2
0.000030 6
0.000023 27
0.000074 19
0.000025 2
0.001130 6
0.000060 18
0.000025 19
0.000022 2
0.000032 6
0.000024 25
0.000023 19
0.000120 2
0.000036 6
0.000024 22
0.000023 19
0.000022 2
0.000159 6
0.000027 18
0.000023 19
0.000022 2
0.000542 6
0.000028 27
0.000024 19
0.000021 2
0.000031 6
0.000023 31
0.000023 19
0.000021 2
0.000030 6
0.000023 27
0.000023 19
0.000022 2
0.000476 6
0.000029 27
0.000023 19
0.000022 2
0.000030 6
0.000024 31
0.000022 19
0.000021 2
0.000030 6
0.000023 27
0.000022 19
0.000021 2
0.000398 6
0.000026 27
0.000024 19
0.000021 2
0.000031 6
0.000023 31
0.000023 19
0.000021 2
0.000075 6
0.000025 27
0.000023 19
0.000021 2
0.000350 6
0.000026 18
0.000023 19
0.000022 2
0.000030 6
0.000023 25
0.000022 19
0.000022 2
0.000029 6
0.000023 22
0.000022 19
0.000022 2
0.000029 6
0.000023 18
0.000022 19
0.000021 2
0.002133 6
0.000031 27
0.000025 19
0.000022 2
0.000030 6
0.000024 31
0.000023 19
0.000021 2
0.000047 6
0.000048 27
0.000024 19
0.000033 2
0.000356 6
0.000027 18
0.000023 19
0.000021 2
0.000031 6
0.000023 25
0.000022 19
0.000022 2
0.000029 6
0.000023 22
0.000022 19
0.000021 2
0.000029 6
0.000023 18
0.000022 19
0.000055 2
0.006572 6
0.000052 27
0.000025 19
0.000022 2
0.000031 6
0.000024 31
0.000023 19
0.000021 2
0.000030 6
0.000023 27
0.000023 19
0.000021 2
0.000396 6
0.000027 27
0.000023 19
0.000022 2
0.000030 6
0.000023 31
0.000022 19
0.000022 2
0.000029 6
0.000023 27
0.000023 19
0.000021 2
0.000383 6
0.000027 27
0.000050 19
0.000032 2
0.000032 6
0.000023 31
0.000023 19
0.000021 2
0.000029 6
0.000023 27
0.000022 19
0.000021 2
0.000335 6
0.000026 18
0.000023 19
0.000022 2
0.000030 6
0.000024 25
0.000022 19
0.000021 2
0.000030 6
0.000022 22
0.000023 19
0.000021 2
0.000029 6
0.000023 18
0.000023 19
0.000021 2
0.014075 6
0.000108 27
0.000046 19
0.000038 2
0.000061 6
0.000030 31
0.000032 19
0.000034 2
0.000036 6
0.000025 27
0.000024 19
0.000022 2
0.000429 6
0.000030 18
0.000024 19
0.000023 2
0.000058 6
0.000026 25
0.000023 19
0.000022 2
0.000031 6
0.000024 22
0.000023 19
0.000022 2
0.000030 6
0.000025 18
0.000023 19
0.000021 2
0.036907 6
0.000309 29
0.000030 19
0.000023 2
0.000035 6
0.000024 33
0.000023 19
0.000021 2
0.000030 6
0.000024 29
0.000022 19
0.000021 2
0.000352 6
0.000027 19
0.000023 19
0.000022 2
0.000030 6
0.000023 26
0.000023 19
0.000021 2
0.000029 6
0.000023 23
0.000022 19
0.000021 2
0.000029 6
0.000023 19
0.000022 19
0.000022 2
0.027391 6
0.000086 29
0.000039 19
0.000034 2
0.000058 6
0.000035 33
0.000025 19
0.000022 2
0.000033 6
0.000029 29
0.000025 19
0.000034 2
0.001934 6
0.000079 29
0.000029 19
0.000023 2
0.000047 6
0.000024 33
0.000024 19
0.000022 2
0.000031 6
0.000023 29
0.000024 19
0.000022 2
0.001067 6
0.000058 29
0.000028 19
0.000023 2
0.000042 6
0.000024 33
0.000023 19
0.000021 2
0.000031 6
0.000023 29
0.000023 19
0.000022 2
0.000383 6
0.000027 19
0.000024 19
0.000034 2
0.000033 6
0.000024 26
0.000025 19
0.000022 2
0.000032 6
0.000035 23
0.000023 19
0.000022 2
0.000030 6
0.000023 19
0.000023 19
0.000021 2
0.019513 6
0.000148 29
0.000072 19
0.000038 2
0.000062 6
0.000031 33
0.000033 19
0.000027 2
0.000046 6
0.000029 29
0.000078 19
0.000045 2
0.000504 6
0.000031 19
0.000024 19
0.000022 2
0.000034 6
0.000023 26
0.000023 19
0.000021 2
0.000030 6
0.000023 23
0.000022 19
0.000055 2
0.000033 6
0.000023 19
0.000022 19
0.000021 2
0.000569 6
0.000029 29
0.000023 19
0.000021 2
0.000031 6
0.000023 33
0.000022 19
0.000022 2
0.000029 6
0.000023 29
0.000022 19
0.000021 2
0.000363 6
0.000027 19
0.000022 19
0.000022 2
0.000030 6
0.000023 26
0.000022 19
0.000021 2
0.000158 6
0.000026 23
0.000023 19
0.000021 2
0.000030 6
0.000023 19
0.000022 19
0.000021 2
0.000508 6
0.000027 29
0.000023 19
0.000022 2
0.000030 6
0.000023 33
0.000022 19
0.000021 2
0.000029 6
0.000023 29
0.000022 19
0.000021 2
0.000359 6
0.000026 19
0.000023 19
0.000021 2
0.000030 6
0.000023 26
0.000023 19
0.000021 2
0.000029 6
0.000023 23
0.000022 19
0.000031 2
0.000031 6
0.000023 19
0.000023 19
0.000021 2
0.001603 6
0.000030 31
0.000025 27
0.000022 2
0.000068 6
0.000026 35
0.000023 27
0.000021 2
0.000654 6
0.000028 21
0.000024 27
0.000021 2
0.000181 6
0.000026 25
0.000023 27
0.000022 2
0.000624 6
0.000040 29
0.000034 19
0.000031 2
0.000044 6
0.000035 33
0.000035 19
0.000034 2
0.000051 6
0.000049 29
0.000032 19
0.000046 2
0.000753 6
0.000101 29
0.000092 19
0.000059 2
0.000067 6
0.000029 33
0.000027 19
0.000023 2
0.000073 6
0.000026 29
0.000024 19
0.000022 2
0.000425 6
0.000028 19
0.000023 19
0.000022 2
0.000032 6
0.000023 26
0.000023 19
0.000021 2
0.000031 6
0.000023 23
0.000023 19
0.000021 2
0.000031 6
0.000023 19
0.000022 19
0.000022 2
2.180135 2
0.001733 73
33.781246 27
0.490909 11
47.525847 75
8.218640 27
0.248811 11
12.830777 75
10.133344 27
0.125497 11
0.449233 71
1.859161 27
0.132127 11
0.440113 71
6.944966 27
0.259147 11
0.003225 6
0.000130 22
0.000032 2
0.000400 71
62.732429 27
0.122386 11
83.545900 75
56.617024 27
0.124434 11
22.741097 75
9.381049 27
0.127646 11
0.417649 71
67.545106 27
0.184895 11
36.866945 75
5.716483 27
0.177112 11
27.488625 75
34.874996 27
0.130170 11
37.775721 75
1.412185 1
0.081818 1
0.794260 1
0.189978 1
0.341200 1
0.120740 1
0.198936 1
0.136745 1
1.193187 1
0.457998 1
0.910197 1
0.069930 1
0.511763 1
1.175702 1
0.197447 1
0.138336 1
0.552800 1
0.670674 1
0.219402 1
0.171888 1
0.152079 1
0.827413 1
1.170313 1
6.844193 1
0.204662 1
0.426413 1
0.108625 1
0.206441 1
0.598952 4
0.213944 1
0.530998 1
0.074334 1
0.300882 1
0.611799 1
0.242006 1
0.524290 1
0.112421 1
0.374510 1
0.086356 1
0.130483 1
4.281525 1
0.142516 1
0.358367 1
0.552817 1
0.952754 1
0.161805 1
0.148940 1
0.285209 1
0.846788 9
0.516607 11
22.704984 75
1.165090 1
0.132747 1
0.608013 1
0.099780 1
0.109914 1
0.951825 1
0.723358 1
0.106317 1
0.173959 1
0.139401 1
0.234338 1
0.838349 1
0.090454 1
0.294939 1
1.423451 1
0.226965 1
0.210741 1
0.336110 1
0.273392 1
0.115639 1
0.133131 1
1.429848 1
1.345327 1
0.172411 1
0.383583 1
0.496139 1
0.614857 1
1.783553 1
0.323180 1
0.111825 1
0.112446 1
0.125716 1
0.653147 1
0.955845 1
1.008975 1
0.234971 1
0.149928 1
0.891171 1
0.630922 1
1.754194 1
0.322025 1
0.129642 1
0.108763 1
0.107689 1
0.110648 1
0.997412 1
0.817899 1
0.212961 1
0.155438 1
0.150950 1
1.257856 4
0.147721 4
0.160870 4
0.143416 4
0.545666 1
0.181617 1
0.138043 1
0.792346 1
13.224830 11
0.006767 40
0.000152 2
0.000296 45
0.000129 2
0.001268 47
0.000110 2
0.001526 71
9.282714 50
0.451768 1
0.704114 1
0.986926 1
0.295392 1
0.081442 1
0.107012 1
0.662487 1
0.602133 4
0.771905 1
0.163949 1
0.406045 4
0.647760 1
2.374906 4
0.137029 4
0.145317 1
0.414273 11
0.001966 40
0.000054 2
0.000076 45
0.000024 2
0.000064 47
0.000022 2
0.000280 71
59.461741 57
0.145783 10
0.638358 99
1.740617 43
0.333742 38
0.361535 11
0.009362 46
0.006668 48
0.000044 2
0.002245 49
0.000045 2
0.002174 51
0.000039 2
0.000410 71
1.385189 43
0.164545 109
0.145522 10
0.841019 99
1.540986 43
0.963916 11
0.443941 47
0.000059 2
0.002499 48
0.000046 2
0.002018 37
0.000038 2
0.002160 43
0.000038 2
0.001997 26
0.000036 2
0.003802 48
0.000039 2
0.002711 60
0.000080 2
0.003827 60
0.000078 2
0.003224 61
0.000049 2
0.003597 69
0.001431 2
0.008217 76
0.000057 2
0.002717 74
0.000054 2
0.002315 64
0.000061 2
0.002269 71
0.000040 2
0.002203 61
0.000037 2
0.001970 46
0.000034 2
0.002750 64
0.000053 2
0.002160 61
0.000040 2
0.002255 69
0.000141 2
0.002060 76
0.000038 2
0.007513 64
0.000087 2
0.003637 71
0.000069 2
0.003147 61
0.000058 2
0.002455 46
0.000048 2
0.002164 54
0.000043 2
0.002221 58
0.000039 2
0.002051 55
0.000039 2
0.002890 55
0.000065 2
0.003660 57
0.000061 2
0.008336 56
0.002706 58
0.000054 2
0.002164 52
0.000042 2
0.002383 50
0.000054 2
0.002576 55
0.000049 2
0.003804 28
0.000043 2
0.002138 31
0.000039 2
0.002274 35
0.000038 2
0.002259 33
0.000045 2
0.002424 39
0.000108 2
0.007581 33
0.000072 2
0.002325 35
0.000047 2
0.002139 33
0.000037 2
0.002407 29
0.000047 2
0.002587 30
0.000057 2
0.002391 30
0.000044 2
0.002104 30
0.000052 2
0.002181 31
0.000038 2
0.002159 62
0.000037 2
0.002169 75
0.000037 2
0.002911 75
0.000109 2
0.008947 77
0.002431 75
0.000049 2
0.002209 75
0.000043 2
0.002425 75
0.000045 2
0.002643 78
0.000239 2
0.002377 75
0.000051 2
0.002490 79
0.000046 2
0.002102 80
0.000044 2
0.002251 79
0.000039 2
0.002105 80
0.000041 2
0.002450 67
0.000756 2
0.007409 77
0.000593 2
0.002367 95
0.000049 2
0.002161 89
0.000045 2
0.002533 98
0.002268 89
0.000046 2
0.002095 89
0.000039 2
0.002181 95
0.000053 2
0.002055 95
0.000038 2
0.002210 95
0.000050 2
0.002050 89
0.000039 2
0.008068 95
0.000014 2
0.004605 89
0.000054 2
0.002637 95
0.000054 2
0.002218 95
0.000045 2
0.002326 95
0.000048 2
0.002806 89
0.000051 2
0.002461 89
0.000050 2
0.002159 90
0.000045 2
0.002346 95
0.000042 2
0.002029 89
0.000038 2
0.007243 89
0.000074 2
0.002954 98
0.000063 2
0.002478 100
0.000016 2
0.002209 95
0.000041 2
0.002272 95
0.000040 2
0.002060 95
0.000038 2
0.005521 95
0.000051 2
0.002178 89
0.000039 2
0.002243 95
0.000077 2
0.002084 89
0.000043 2
0.007573 95
0.000065 2
0.003929 104
0.000059 2
0.002441 95
0.000054 2
0.002279 89
0.000055 2
0.002481 89
0.000049 2
0.002331 90
0.000043 2
0.002290 92
0.000046 2
0.002290 89
0.000041 2
0.002066 95
0.000039 2
0.002232 90
0.000079 2
0.006849 90
0.000053 2
0.002222 95
0.000045 2
0.002856 97
0.002699 89
0.000092 2
0.002610 95
0.000046 2
0.003039 95
0.000054 2
0.004152 97
0.004156 89
0.000060 2
0.002352 95
0.000085 2
0.007266 97
0.002283 95
0.000043 2
0.003178 95
0.000069 2
0.003408 89
0.000059 2
0.002312 95
0.000050 2
0.002437 95
0.000047 2
0.002396 95
0.000051 2
0.002207 95
0.000047 2
0.002489 89
0.000048 2
0.002046 89
0.000038 2
0.006954 92
0.000070 2
0.002823 95
0.000052 2
0.002132 89
0.000039 2
0.002348 95
0.000045 2
0.002635 95
0.000062 2
0.002643 89
0.000054 2
0.002416 89
0.000045 2
0.002079 89
0.000040 2
0.002354 89
0.000044 2
0.002092 95
0.000040 2
0.002264 94
0.000047 2
0.006634 95
0.000062 2
0.002448 95
0.000050 2
0.002192 89
0.000042 2
0.002171 89
0.000039 2
0.002575 95
0.000081 2
0.003621 89
0.000071 2
0.002885 92
0.000075 2
0.002699 98
0.000052 2
0.002583 98
0.000058 2
0.002604 89
0.000082 2
0.007416 91
0.002965 95
0.000071 2
0.002907 98
0.000058 2
0.002627 98
0.000047 2
0.002463 89
0.000051 2
0.002192 95
0.000043 2
0.002227 95
0.000080 2
0.002108 101
0.000039 2
0.002229 95
0.000042 2
0.002005 95
0.000037 2
0.002308 96
0.000082 2
0.008141 97
0.002921 95
0.000064 2
0.002325 95
0.000047 2
0.002436 95
0.000048 2
0.002113 89
0.000044 2
0.003511 92
0.000087 2
0.003139 89
0.000073 2
0.002641 95
0.000070 2
0.002430 89
0.000064 2
0.007835 100
0.003032 95
0.000069 2
0.003268 91
0.002329 96
0.000044 2
0.002088 89
0.000040 2
0.002362 96
0.000042 2
0.002561 95
0.000055 2
0.002355 89
0.000046 2
0.002229 89
0.000322 2
0.003195 95
0.000069 2
0.009717 95
0.000093 2
0.003248 95
0.000067 2
0.002386 95
0.000048 2
0.002472 95
0.000048 2
0.002297 89
0.000046 2
0.002116 89
0.000042 2
0.003886 100
0.003499 89
0.000103 2
0.008176 91
0.002820 89
0.000057 2
0.002393 89
0.000075 2
0.003146 65
0.000064 2
0.002617 67
0.000050 2
0.002084 60
0.000040 2
0.002392 55
0.000048 2
0.002041 60
0.000052 2
0.002489 60
0.000051 2
0.002276 55
0.000077 2
0.002835 55
0.003594 2
0.003529 55
0.000059 2
0.002536 52
0.000051 2
0.002116 52
0.000058 2
0.003407 50
0.000087 2
0.002615 56
0.000051 2
0.002101 53
0.000042 2
0.002319 71
0.000083 2
0.002248 72
0.000042 2
0.003185 73
0.010989 76
0.002756 61
0.000066 2
0.002327 73
0.000051 2
0.002792 61
0.000057 2
0.003067 78
0.000065 2
0.002664 74
0.000049 2
0.002081 70
0.000068 2
0.002395 50
0.000043 2
0.002206 51
0.000048 2
0.007689 76
0.000092 2
0.002752 76
0.000054 2
0.002370 67
0.000044 2
0.002031 77
0.000040 2
0.002438 76
0.000048 2
0.002252 78
0.000073 2
0.003343 83
0.000065 2
0.002762 75
0.000052 2
0.002104 91
0.000042 2
0.002436 82
0.000047 2
0.002263 81
0.001462 2
0.009747 75
0.000076 2
0.002739 82
0.000059 2
0.002556 83
0.000077 2
0.002178 52
0.000040 2
0.003022 58
0.000077 2
0.002744 57
0.000057 2
0.002276 55
0.000049 2
0.002396 55
0.000044 2
0.007482 78
0.000076 2
0.003757 74
0.000073 2
0.002764 72
0.000053 2
0.002289 74
0.000048 2
0.002614 68
0.000048 2
0.002631 75
0.000056 2
0.002435 84
0.000045 2
0.002274 72
0.000054 2
0.002081 69
0.000038 2
0.002240 78
0.000079 2
0.002125 75
0.000913 2
0.009656 82
0.000060 2
0.002846 71
0.000073 2
0.002537 71
0.000061 2
0.002581 94
0.000055 2
0.002564 95
0.000051 2
0.002210 93
0.000063 2
0.003069 89
0.000065 2
0.002671 87
0.000112 2
0.007560 92
0.000155 2
0.002694 90
0.000059 2
0.003309 97
0.000070 2
0.002723 96
0.000117 2
0.002370 92
0.000047 2
0.002167 95
0.000040 2
0.002219 87
0.000057 2
0.002363 94
0.000051 2
0.002287 94
0.000043 2
0.002016 89
0.000040 2
0.002235 91
0.000079 2
0.007341 91
0.003549 95
0.000110 2
0.003119 91
0.000072 2
0.002677 92
0.000069 2
0.002507 94
0.000050 2
0.002210 86
0.000096 2
0.002340 93
0.000054 2
0.002461 93
0.000048 2
0.002024 88
0.000038 2
0.002287 90
0.000083 2
0.006937 88
0.000063 2
0.002278 94
0.000041 2
0.002238 90
0.000050 2
0.002256 91
0.000092 2
0.002877 93
0.000051 2
0.002214 85
0.000275 2
0.002205 92
0.000041 2
0.002308 92
0.000042 2
0.002018 87
0.000038 2
0.002517 84
0.000048 2
0.002041 87
0.000038 2
0.006280 87
0.000062 2
0.002555 89
0.000055 2
0.002107 91
0.000044 2
0.002845 90
0.003090 90
0.000065 2
0.002650 92
0.000052 2
0.002758 96
0.000042 2
0.002466 92
0.000048 2
0.002221 93
0.000044 2
0.002469 96
0.000046 2
0.002132 94
0.000039 2
0.006619 97
0.000055 2
0.002419 94
0.000044 2
0.002017 91
0.000037 2
0.002256 98
0.000039 2
0.002142 87
0.000079 2
0.003085 90
0.000058 2
0.002666 90
0.000049 2
0.002160 78
0.000043 2
0.002225 87
0.000039 2
0.002054 77
0.000042 2
0.002270 97
0.000104 2
0.006639 96
0.000108 2
0.003303 88
0.000062 2
0.002477 87
0.000051 2
0.002363 87
0.000045 2
0.002336 88
0.000074 2
0.003958 93
0.000089 2
0.002959 87
0.000060 2
0.002555 89
0.000055 2
0.002272 90
0.000046 2
0.002390 91
0.000095 2
0.007788 93
0.002918 91
0.000056 2
0.002245 88
0.000047 2
0.002269 92
0.000043 2
0.002155 89
0.000043 2
0.002420 83
0.000047 2
0.002437 90
0.000044 2
0.001988 90
0.000036 2
0.002250 91
0.000039 2
0.002033 89
0.000038 2
0.002134 95
0.000077 2
0.002044 91
0.000715 2
0.006906 92
0.000060 2
0.002546 94
0.000052 2
0.002199 86
0.000045 2
0.002359 95
0.002135 93
0.000039 2
0.002531 91
0.000054 2
0.003379 98
0.004763 92
0.000054 2
0.008341 99
0.000016 2
0.003027 87
0.000072 2
0.002731 89
0.000053 2
0.002205 91
0.000046 2
0.002561 86
0.000044 2
0.002252 80
0.000039 2
0.002000 86
0.000035 2
0.002493 84
0.000083 2
0.002170 88
0.000038 2
0.002268 89
0.000037 2
0.002038 80
0.000037 2
0.006434 91
0.000052 2
0.002825 81
0.000052 2
0.002575 91
0.000096 2
0.002950 89
0.000051 2
0.002383 95
0.000045 2
0.002081 91
0.000040 2
0.002160 92
0.000039 2
0.002126 86
0.000044 2
0.003821 95
0.003602 95
0.007656 90
0.002825 88
0.000052 2
0.002114 85
0.000039 2
0.003004 87
0.000060 2
0.002423 89
0.000049 2
0.002167 93
0.000040 2
0.002241 89
0.000039 2
0.002974 92
0.002519 94
0.000054 2
0.002754 91
0.000090 2
0.006834 94
0.000069 2
0.002320 91
0.000042 2
0.002549 88
0.000069 2
0.002567 84
0.000061 2
0.002856 83
0.000056 2
0.002499 84
0.000047 2
0.002137 73
0.000042 2
0.002325 77
0.000041 2
0.002214 67
0.000038 2
0.002278 64
0.000063 2
0.003518 71
0.000911 2
0.007472 70
0.000057 2
0.002416 68
0.000046 2
0.002347 65
0.000048 2
0.002289 66
0.000040 2
0.002929 66
0.000062 2
0.002277 60
0.000048 2
0.002324 67
0.000064 2
0.002271 84
0.000038 2
0.002078 70
0.000055 2
0.002508 84
0.000085 2
0.007335 75
0.002772 89
0.000058 2
0.002398 62
0.000044 2
0.002042 64
0.000037 2
0.002609 41
0.000048 2
0.002098 67
0.000075 2
0.002123 70
0.000066 2
0.002260 43
0.000039 2
0.002050 53
0.000039 2
0.002189 41
0.000039 2
0.002016 74
0.000037 2
0.008399 66
0.000013 2
0.004721 60
0.000060 2
0.002388 63
0.000048 2
0.002391 71
0.000048 2
0.002313 66
0.000047 2
0.002992 56
0.000060 2
0.002261 61
0.000047 2
0.002186 65
0.000044 2
0.002297 61
0.000041 2
0.001992 61
0.000038 2
0.007813 72
0.000098 2
0.003021 31
0.000057 2
0.002373 44
0.000044 2
0.002105 45
0.000038 2
0.002194 42
0.000071 2
0.002204 49
0.000045 2
0.002304 49
0.000040 2
0.001952 45
0.000169 2
0.002046 48
0.000038 2
0.002157 48
0.000061 2
0.002053 42
0.000083 2
0.007653 48
0.002687 40
0.000057 2
0.002221 41
0.000046 2
0.002308 46
0.000042 2
0.001960 52
0.000036 2
0.002349 50
0.000040 2
0.001886 52
0.000035 2
0.003269 52
0.000077 2
0.003461 49
0.000058 2
0.002476 50
0.000128 2
0.006903 49
0.000081 2
0.002522 55
0.000050 2
0.002593 54
0.000081 2
0.002575 57
0.000050 2
0.002200 50
0.000043 2
0.002176 56
0.000039 2
0.002099 53
0.000041 2
0.002256 53
0.000088 2
0.002298 51
0.000048 2
0.002288 57
0.000051 2
0.002312 42
0.000077 2
0.002874 37
0.003408 2
0.003069 35
0.000046 2
0.002709 31
0.000081 2
0.002705 44
0.000068 2
0.003032 44
0.000064 2
0.002530 49
0.000053 2
0.002230 41
0.000049 2
0.002399 49
0.000045 2
0.002220 53
0.000045 2
0.002333 43
0.000042 2
0.002126 42
0.000073 2
0.006493 46
0.000055 2
0.002423 49
0.000045 2
0.002083 51
0.000046 2
0.002357 42
0.000046 2
0.002710 42
0.000060 2
0.002337 42
0.000051 2
0.002370 43
0.000046 2
0.001973 46
0.000037 2
0.002315 42
0.000042 2
0.002051 49
0.000038 2
0.002311 51
0.000048 2
0.006385 49
0.000081 2
0.002365 52
0.000052 2
0.002186 43
0.000040 2
0.001976 47
0.000037 2
0.002578 51
0.000069 2
0.003387 46
0.000065 2
0.002863 55
0.000051 2
0.002326 46
0.000047 2
0.002562 39
0.000052 2
0.002235 46
0.000082 2
0.002527 51
0.000091 2
0.007126 43
0.002878 42
0.000056 2
0.002257 40
0.000044 2
0.002237 47
0.000039 2
0.002124 60
0.000045 2
0.002359 43
0.000043 2
0.002007 32
0.000037 2
0.002313 45
0.000042 2
0.002267 46
0.000040 2
0.002062 43
0.000038 2
0.002379 42
0.000087 2
0.006230 43
0.000053 2
0.003086 42
0.000058 2
0.002426 49
0.000048 2
0.002159 43
0.000044 2
0.002430 46
0.000046 2
0.002197 45
0.000054 2
0.002444 35
0.000042 2
0.002286 51
0.000073 2
0.002012 66
0.000037 2
0.002253 58
0.000039 2
0.001966 64
0.000036 2
0.002250 68
0.000081 2
0.008978 70
0.004175 65
0.002491 63
0.000046 2
0.002213 66
0.000048 2
0.002433 63
0.000049 2
0.002460 57
0.000054 2
0.003878 63
0.000051 2
0.002179 57
0.000043 2
0.004047 94
0.008843 59
0.000110 2
0.002560 55
0.000048 2
0.002027 40
0.000159 2
0.002094 47
0.000039 2
0.002259 44
0.000038 2
0.002269 44
0.000073 2
0.003503 44
0.000092 2
0.003204 44
0.000052 2
0.002558 43
0.000047 2
0.007950 44
0.000056 2
0.002635 50
0.000100 2
0.002868 63
0.000050 2
0.002409 51
0.000046 2
0.002049 49
0.000037 2
0.002275 51
0.000040 2
0.002034 51
0.000037 2
0.002443 51
0.000048 2
0.002040 56
0.000038 2
0.002345 56
0.000041 2
0.001901 56
0.000037 2
0.007134 48
0.000056 2
0.002320 48
0.000047 2
0.002034 53
0.000042 2
0.002764 56
0.000057 2
0.002534 52
0.000049 2
0.002070 53
0.000040 2
0.002293 46
0.000040 2
0.001978 53
0.000037 2
0.002694 46
0.000053 2
0.003366 53
0.000139 2
0.008991 48
0.002516 53
0.000048 2
0.002336 46
0.000049 2
0.002735 46
0.000055 2
0.002696 52
0.000051 2
0.002176 56
0.000049 2
0.002409 49
0.000042 2
0.001961 56
0.000351 2
0.002026 39
0.000050 2
0.002374 53
0.000108 2
0.006378 34
0.000053 2
0.002850 61
0.000051 2
0.002025 41
0.000155 2
0.002005 46
0.000036 2
0.002389 50
0.000082 2
0.002290 52
0.000070 2
0.003038 52
0.000056 2
0.002539 51
0.000048 2
0.002017 75
0.000037 2
0.002235 80
0.000040 2
0.002020 79
0.000037 2
0.008549 77
0.000025 2
0.003713 73
0.000058 2
0.002399 74
0.000049 2
0.002521 75
0.000070 2
0.003867 76
0.000051 2
0.002526 75
0.000050 2
0.002438 76
0.000046 2
0.002058 48
0.000041 2
0.002202 51
0.000039 2
0.002031 53
0.000039 2
0.007317 65
0.000091 2
0.003009 31
0.000057 2
0.002415 44
0.000048 2
0.002114 44
0.000042 2
0.002206 49
0.000039 2
0.002398 41
0.000050 2
0.002237 49
0.000040 2
0.002254 43
0.000039 2
0.002017 42
0.000064 2
0.002261 46
0.000039 2
0.002006 49
0.000036 2
0.008137 51
0.000082 2
0.004915 42
0.000054 2
0.002389 42
0.000052 2
0.002395 42
0.000048 2
0.002263 43
0.000073 2
0.002474 46
0.000040 2
0.002495 42
0.000050 2
0.002414 49
0.000048 2
0.002106 2
0.000719 73
30.839411 1
0.095060 1
0.080348 1
0.484022 1
0.142071 1
0.413339 1
0.118924 1
0.271354 7
0.339738 11
0.002132 47
0.001067 69
0.000076 19
0.000120 1563
19.978695 33
0.178594 1
0.071840 1
0.075052 33
0.007527 83
0.000055 71
104.176617 1
0.541946 1
0.112076 1
0.798084 1
0.236028 1
0.331578 1
0.103021 1
0.205095 1
0.161817 1
0.125656 1
0.178197 1
0.131960 1
0.338135 1
0.134453 1
0.204429 1
0.701153 1
0.043187 1
1.696078 1
0.754183 1
0.172507 1
0.181806 1
0.755362 1
1.384004 4
0.358538 1
0.300642 1
0.223429 1
0.178888 1
0.243707 1
0.241503 1
0.865684 1
0.631297 1
0.467454 1
0.148884 1
0.128357 1
0.940667 11
0.057608 1
0.000652 41
1.783759 2
0.100087 93
0.000796 289
0.000042 61
0.146348 108
0.026311 157
0.001007 8
1.749500 9
0.000928 44
0.199298 20
0.308429 26
0.192637 65
0.270042 31
0.517168 71
0.435720 7
0.002747 11
0.009020 59
0.003467 1111
2.025605 404
0.317836 104
3.388898 15
0.000809 18
0.067642 13
0.117196 2
0.002103 278
0.000631 82
0.016624 120
2.148280 9
0.000779 24
0.369284 11
0.130824 31
0.000948 42
1.232827 41
0.301073 1
0.532683 1
0.207591 1
0.572928 1
0.163385 1
0.155261 1
1.473538 21
0.534166 1
0.000174 1
0.092971 30
3.839817 2
0.375989 79
0.001394 82
0.004144 82
0.021900 120
2.059225 11
0.000744 18
0.126936 13
0.078991 2
0.001797 304
0.000459 82
0.019692 120
1.862669 11
0.003245 40
0.033573 11
2.058154 13
0.188834 11
0.400167 11
0.123267 11
0.282476 11
0.078545 11
0.834727 27
0.001857 10
0.168179 11
1.693000 11
0.060396 127
0.136135 1
4.371007 1
0.212687 1
0.168127 1
0.540238 1
0.383345 1
0.410460 1
0.189428 1
1.295562 1
0.161003 1
0.689083 1
1.161590 9
0.909543 11
0.098256 11
0.182340 11
0.759068 2
8.781150 70
0.000201 2
5.543878 39
0.026187 36
0.008265 36
0.003769 51
0.003121 37
0.003347 38
0.003551 37
0.003594 38
0.003513 39
0.005879 40
0.001767 40
0.003152 48
0.002633 50
0.004550 50
0.005370 49
0.007324 51
0.005118 55
0.009383 53
0.001974 50
0.003165 51
0.003418 41
0.004062 42
0.003496 34
0.002537 40
0.002666 37
0.003006 43
0.003606 35
0.003453 43
0.003432 34
0.003241 38
0.003332 34
0.003660 33
0.003239 40
0.003898 34
0.003449 34
0.003713 44
0.004559 38
0.003855 37
0.003996 34
0.003362 40
0.002754 40
0.002674 40
0.003654 40
0.002937 40
0.003977 40
0.002821 40
0.003082 40
0.003446 45
0.003255 47
0.003313 49
0.003507 46
0.003180 47
0.003475 44
0.003660 46
0.003203 46
0.003506 45
0.004550 48
0.003553 46
0.003078 47
0.003204 45
0.002881 49
0.004108 45
0.006503 46
0.004202 48
0.003848 46
0.003888 45
0.003953 48
0.003340 53
0.003613 52
0.004271 45
0.003140 50
0.002650 45
0.002887 45
0.003309 49
0.004088 49
0.003298 48
0.003046 48
0.003618 38
0.002334 42
0.003907 37
0.003304 42
0.003627 36
0.002740 42
0.002706 42
0.003439 40
0.002855 46
0.002705 45
0.003799 37
0.003748 42
0.004239 41
0.003326 39
0.003314 40
0.003721 41
0.006123 41
0.002923 53
0.004181 54
0.003121 53
0.004800 67
0.003385 80
0.002611 73
0.002594 62
0.002623 63
0.002804 74
0.002693 65
0.002646 58
0.004799 56
0.002228 62
0.003832 58
0.003553 62
0.003943 54
0.003669 57
0.003225 62
0.004802 66
0.004467 64
0.004329 58
0.003850 58
0.002920 67
0.003750 54
0.003340 62
0.003200 55
0.003277 66
0.002624 65
0.002441 67
0.002596 55
0.003263 60
0.004476 53
0.003337 71
0.003775 67
0.004515 65
0.002571 62
0.003121 53
0.003439 40
0.004409 47
0.000242 2
0.008545 40
0.003536 37
0.002774 37
0.002995 37
0.002631 37
0.003633 37
0.003541 53
0.003246 57
0.003606 56
0.003599 56
0.003222 47
0.003201 44
0.003668 42
0.003877 53
0.003195 64
0.003285 71
0.006752 66
0.001808 69
0.003374 65
0.004729 70
0.004425 69
0.004785 71
0.003302 65
0.003153 72
0.003197 78
0.003389 68
0.003375 73
0.004020 67
0.003157 69
0.003317 70
0.004357 65
0.002514 68
0.002584 82
0.002494 64
0.002485 64
0.004046 69
0.004263 68
0.004332 70
0.004159 64
0.002879 67
0.003069 71
0.002634 77
0.002701 67
0.002644 72
0.002674 66
0.002685 68
0.002984 45
0.002899 75
0.003636 33
0.002830 34
0.002680 34
0.002782 35
0.002781 34
0.002706 43
0.002554 39
0.002732 34
0.004200 34
0.002120 33
0.005603 32
0.005067 32
0.003299 36
0.003391 51
0.003720 44
0.003323 43
0.003721 48
0.003668 47
0.005050 49
0.002685 82
0.004270 62
0.005729 51
0.005647 50
0.004236 58
0.007634 49
0.004035 47
0.004380 44
0.005055 45
0.003383 45
0.004743 38
0.004141 42
0.004560 68
0.003835 77
0.003760 62
0.003611 66
0.003378 65
0.003361 73
0.003295 62
0.002621 65
0.002650 96
0.002885 69
0.003151 62
0.011117 105
0.000643 2
0.007034 84
0.031444 130
2.633550 45
0.001528 47
0.001473 57
0.001630 57
0.001537 16
0.004265 20
0.009294 24
0.002216 64
0.001883 70
0.001467 42
0.001802 30
0.010684 59
0.003356 54
0.001677 26
0.001170 73
0.001410 70
0.000794 16
0.000687 22
0.000757 59
0.001097 56
0.005188 53
0.008032 185
0.000356 32
0.000532 30
0.001222 32
0.000733 36
0.001053 41
0.000684 33
0.004300 35
0.008278 40
0.000765 31
0.000845 29
0.000765 31
0.000847 35
0.000734 40
0.000746 8
0.000757 30
0.002910 29
0.011138 30
0.000859 28
0.000579 30
0.000742 28
0.000652 30
0.001335 28
0.000644 30
0.000893 28
0.000671 32
0.000922 29
0.000451 32
0.001163 29
0.013545 61
0.000799 32
0.001061 29
0.000671 32
0.000829 29
0.001121 32
0.001135 35
0.001459 39
0.009761 31
0.000851 35
0.000808 39
0.000833 31
0.000675 35
0.002947 49
0.013381 48
0.000762 52
0.000890 50
0.000798 35
0.000507 39
0.000712 26
0.000576 46
0.000680 70
0.003408 119
0.011155 38
0.000875 43
0.003770 35
0.035240 40
0.000625 31
0.003865 35
0.015510 40
0.000724 26
0.002716 34
4.110308 15
0.001257 18
0.145293 5
0.329822 22
1.660067 141
0.000439 5
0.020567 91
0.000045 39
1.517388 22
0.156993 50
1.166937 2
0.671662 72
0.331965 39
0.003515 36
0.003133 36
0.003836 51
0.004054 37
0.003541 38
0.002980 37
0.003230 38
0.003262 37
0.000205 2
0.003802 40
0.004475 40
0.004285 48
0.004001 50
0.005177 50
0.004505 49
0.003507 51
0.003361 55
0.006375 53
0.007769 50
0.003597 51
0.004431 41
0.003917 42
0.002911 2
0.000950 84
0.020320 130
1.109202 45
0.002568 47
0.000883 50
0.002330 47
0.002020 57
0.033055 93
0.000344 24
0.002381 64
0.003973 112
0.001702 31
0.009934 117
0.003348 36
0.002941 145
0.001346 16
0.000903 32
0.012399 152
0.000879 131
0.000726 105
0.004957 411
0.003775 50
0.004985 33
0.000744 36
0.001153 39
0.016617 33
0.000598 35
0.002903 39
0.016275 31
0.000978 29
0.003462 40
0.036788 44
0.001474 50
0.002992 29
0.035694 30
0.000607 28
0.002808 30
0.236291 29
0.000574 30
0.003278 28
0.036059 8
0.001075 35
0.003301 48
0.015726 38
0.001125 40
0.003188 29
0.015720 35
0.000737 38
0.003321 30
0.016530 36
0.001053 39
0.002234 30
0.923626 3
0.000568 6
0.528398 5
0.001946 4
0.034185 7
0.001326 6
0.012071 9
0.001993 8
0.036351 31
0.001505 10
0.018021 19
0.000815 12
0.030370 21
0.000627 14
0.028604 23
0.000864 16
0.030857 25
0.000729 18
0.028416 23
0.000917 16
0.028825 18
0.000997 17
0.030681 14
0.000602 15
0.028800 31
0.000798 16
0.032773 52
0.000866 51
0.025956 19
0.742318 45
0.612846 36
0.907838 62
0.182984 23
0.819203 45
1.261711 36
0.430345 47
0.571560 55
0.439542 35
0.666020 61
0.291260 30
0.489554 36
0.029558 62
0.029640 23
0.036806 45
0.027311 30
0.029539 36
0.029562 62
0.032140 15
0.029197 48
0.033733 36
0.041992 70
0.025138 153
0.030841 104
0.024744 26
0.032020 20
0.037690 201
0.024905 90
0.026408 37
0.033820 56
0.026434 56
0.039115 36
0.023885 113
0.039423 204
0.236547 90
0.518606 20
0.022629 24
0.036652 20
0.026225 57
0.032124 57
0.034312 47
0.029024 47
0.032626 50
0.032961 37
0.627813 45
0.354771 47
0.416402 50
38.554560 37
0.627057 20
0.003825 31
0.216238 13
0.099620 37
0.146315 17
0.134424 6
0.017631 58
0.001646 110
0.043932 111
0.000082 39
0.000434 7
0.004152 8
0.507607 20
0.001378 51
0.092536 23
0.149864 42
0.147522 47
0.460356 7
0.017082 11
0.015911 39
0.000249 71
0.669888 1
0.098381 1
0.171383 1
0.129578 1
0.154811 17
