0.013403 8
0.000147 63
27.654545 1
0.094910 1
0.398985 1
0.107541 1
0.092083 1
0.111324 1
0.993082 1
4.686842 1
0.126354 1
0.501550 1
0.100439 1
0.708586 1
0.601954 1
0.141883 1
0.580679 1
0.151601 1
0.368957 1
0.252731 1
2.808251 11
0.005712 71
35.003679 1
0.064537 1
0.198490 1
0.230201 1
0.244866 12
0.344569 108
0.829507 1
0.114226 1
0.114793 11
0.001462 24
0.000083 2
0.000395 97
221.782989 1
0.066410 1
0.136840 11
0.001295 24
0.000076 2
0.000418 97
1.958259 1
0.120134 1
0.369699 1
0.098216 1
1.960619 1
0.089697 1
0.267573 1
0.102146 1
0.280240 11
0.322733 11
0.000980 7
0.000087 2
0.000025 7
0.000165 2
0.000390 97
40.956493 1
0.087999 1
0.094563 1
0.111283 1
1.079356 1
1.313592 4
1.823873 1
0.099536 1
0.160571 1
0.119591 1
0.184749 1
0.111415 1
0.749692 1
0.090315 1
0.504552 11
0.002699 28
0.000327 2
0.002119 97
1.845653 12
0.167131 1
0.216065 1
0.168506 1
0.419199 3
0.500706 3
0.029201 3
0.029688 1
0.964716 1
0.499956 1
0.030116 1
0.031033 1
0.030281 1
0.030664 1
0.029867 1
0.029584 1
0.145833 1
0.612207 23
0.285885 11
0.032128 47
0.002587 67
0.000901 17
0.001176 1988
0.001578 1002
1.297137 14
1.503439 90
1.972639 13
1.253434 13
0.745248 42
1.845742 21
0.506961 1
0.064481 1
0.282048 31
0.020236 179
1.528335 11
0.440676 19
0.889560 23
0.166867 14
0.161840 1
0.822267 1
0.775020 1
0.114211 1
0.511292 1
0.098573 1
0.109454 1
2.475583 4
0.498889 4
0.030521 4
0.030002 4
0.029232 4
0.031967 4
0.031338 1
0.032569 1
0.027543 1
0.030566 1
0.030316 1
0.031471 1
0.028613 1
0.030598 1
0.159291 1
0.096497 1
0.182993 1
0.203450 1
0.125943 1
0.120946 82
1.445785 1
0.653886 1
0.185103 1
0.681653 1
0.083290 1
0.107163 1
5.144157 1
0.442345 1
0.272637 1
0.307528 1
4.251901 1
0.593092 4
1.965543 1
0.618641 1
0.954390 1
0.690452 1
0.095075 1
0.890529 1
0.084846 1
0.627164 1
1.028765 1
0.118833 1
0.713726 1
0.139908 1
0.238712 1
0.171918 1
2.613150 1
0.425908 1
0.158839 1
3.540453 1
0.289711 1
0.123172 1
0.286842 1
0.073114 1
0.270282 1
0.178218 1
0.096932 1
0.727560 1
0.180146 1
0.215103 1
0.705608 1
0.069532 1
1.346961 1
0.733617 1
0.198758 1
0.155960 1
0.222791 1
0.264782 1
1.253365 1
0.164266 1
0.477617 1
0.262965 1
0.060518 1
0.264236 1
0.510990 1
0.151350 1
0.128678 1
1.947607 1
4.860117 1
0.194204 1
0.879409 1
0.715831 1
0.088012 1
0.208487 1
0.688483 1
0.117855 1
1.427872 1
0.158141 1
0.527083 1
0.133037 1
0.255091 1
0.130723 1
3.097985 11
0.073265 1
0.000341 41
2.792123 2
0.119311 31
0.005025 122
0.043921 71
38.537027 2
0.095366 2
0.236594 2
0.053262 2
0.734922 4
0.154177 4
0.150673 4
0.129047 4
0.637686 1
0.083779 1
0.155281 1
0.076643 1
0.170972 17
