0.037228 8
0.000249 63
25.397359 1
0.124432 1
0.196540 1
0.631163 1
3.445465 1
0.299536 1
0.605273 1
0.094208 1
2.908424 1
0.141694 1
0.166222 1
0.227054 1
0.166564 1
0.322207 1
0.632261 11
0.008052 71
2.092631 14
0.938276 1
0.502098 1
0.030389 1
0.030335 1
0.032243 1
0.027594 1
0.032424 1
0.030393 1
0.030533 1
0.030608 1
0.648304 3
0.339999 5
0.761765 5
0.453794 11
0.005427 71
7.531066 14
0.217640 1
0.498129 1
0.031098 1
0.031260 1
0.029083 1
0.031621 1
0.031291 1
0.031599 1
0.213644 1
0.848513 5
0.114669 5
0.147783 11
0.005971 71
0.926169 14
0.395053 1
0.501412 1
0.030933 1
0.027972 1
0.031078 1
0.032701 1
0.029688 1
0.211307 1
0.180122 1
0.394747 1
0.390533 5
0.563631 11
0.029438 71
5.022564 1
0.095534 1
0.154909 1
0.131536 1
1.564722 17
