0.108101 96
0.000081 26
0.029100 150
0.000607 7
0.001502 8
3.432129 14
21.637686 32
10.977511 20
0.000630 57
0.133985 72
0.123608 1
1.056595 11
0.403328 18
1.761370 1
2.066767 19
0.785120 1
0.144631 1
0.410558 1
0.693112 1
0.153936 1
0.074126 1
1.397238 1
0.129623 1
0.160191 1
0.129199 1
0.149974 1
0.139054 1
0.226578 13
0.306183 7
0.003089 11
0.022727 96
0.000018 28
0.024521 150
0.000398 7
0.001060 8
0.754592 60
0.146667 1
0.501229 1
0.036396 1
0.030417 1
0.029618 1
0.024552 1
0.039772 1
0.027668 1
0.023037 1
0.153135 1
0.523043 4
0.420299 26
1.503879 90
0.179325 7
0.004641 11
0.014384 96
0.000013 28
0.033256 150
0.000062 7
0.002075 8
0.551175 60
0.362642 1
0.169273 1
0.500971 1
0.030590 1
0.029886 1
0.029701 1
0.035672 1
0.029920 1
0.025660 1
0.034733 1
0.365567 4
0.528192 26
0.836937 90
0.194902 7
0.014699 11
0.015712 96
0.000038 26
0.000104 2
0.021056 109
0.000034 2
0.000085 36
0.000224 3
0.000326 7
0.001157 8
0.334940 60
0.197427 1
0.493737 1
0.035563 1
0.031697 1
0.023817 1
0.029621 1
0.031281 1
0.160785 1
0.172022 1
0.597009 26
1.257871 90
0.075031 90
0.496825 7
0.014412 8
0.000113 1
0.000264 2
0.021008 96
0.000169 26
0.000215 2
0.021623 109
0.000073 2
0.000210 36
0.000250 3
0.000571 7
0.001516 8
3.308429 9
0.002181 38
0.152886 35
0.023763 35
0.321628 7
0.007371 11
0.013601 13
0.169584 111
0.000025 2
0.000022 259
0.000016 2
0.000019 366
0.000015 2
0.000016 234
0.000014 2
0.000032 234
0.000018 2
0.000019 3
0.000019 2
0.000020 115
0.000016 2
0.000091 117
0.000328 2
0.000028 121
0.000019 2
0.000018 117
0.000015 2
0.000017 117
0.000016 2
0.000016 117
0.000015 2
0.000017 117
0.000017 2
0.000018 7
0.000126 110
0.000018 2
0.000017 117
0.000017 2
0.000017 117
0.000015 2
0.000017 117
0.000016 2
0.000016 117
0.000016 2
0.000016 117
0.000016 2
0.000017 117
0.000015 2
0.000017 117
0.000016 2
0.000016 117
0.000016 2
0.000016 117
0.000016 2
0.000016 117
0.000016 2
0.000016 117
0.000016 2
0.000016 117
0.000016 2
0.000018 117
3.004178 107
0.000105 2
0.000131 2
0.000036 366
0.000093 2
0.000090 234
0.000106 2
0.000086 234
0.000091 2
0.000089 3
0.000078 2
0.000055 2
0.000054 117
0.000077 2
0.000053 117
0.000078 2
0.000048 117
0.000043 2
0.000042 117
0.000096 2
0.000047 117
0.000042 2
0.000044 117
0.000086 2
0.000138 117
0.000381 2
0.000095 121
0.000083 2
0.000079 117
0.000064 2
0.000054 31
0.000114 86
0.000055 2
0.000050 117
0.000048 2
0.000033 117
0.000029 2
0.000028 117
0.000029 2
0.000029 117
0.000028 2
0.000029 117
0.000028 2
0.000029 117
0.000028 2
0.000028 117
0.000028 2
0.000028 117
0.000028 2
0.000030 117
0.000028 2
0.000029 117
3.006161 107
0.000048 2
0.000095 2
0.000070 366
0.000151 2
0.000128 2
0.000077 2
0.000077 3
0.000438 2
0.000102 2
0.000090 117
0.000157 2
0.000135 117
0.000133 2
0.000100 117
0.000119 2
0.000074 117
0.000133 2
0.000097 117
0.000156 2
0.000100 117
0.000149 2
0.000165 117
0.000158 2
0.000181 117
0.000158 2
0.001793 626
0.000183 800
3.005417 2062
0.000022 1541
3.015220 2062
0.000919 1537
3.014092 2062
0.000452 1537
3.008851 2064
0.001010 1276
3.019216 2062
0.002369 1537
0.971045 113
0.000134 2
0.000054 259
0.000079 2
0.000057 366
0.000061 2
0.000057 234
0.000053 2
0.000088 234
0.000077 2
0.000041 3
0.000076 2
0.000056 2
0.000099 117
0.000116 2
0.000034 117
0.000072 2
0.000085 117
0.000091 2
0.000089 117
0.000088 2
0.000084 117
0.000090 2
0.000089 117
0.000087 2
0.000089 117
0.000086 2
0.000088 6
0.000156 111
0.000084 2
0.000089 121
0.000086 2
0.000133 117
0.000288 2
0.000074 117
0.000103 2
0.000081 117
0.000092 2
0.000079 117
0.000089 2
0.000077 117
0.000091 2
0.000074 117
0.000088 2
0.000084 117
0.000070 2
0.000085 117
0.000067 2
0.000086 117
0.000068 2
0.000090 117
0.000081 2
0.000070 117
1.039346 113
0.000067 2
0.000057 259
0.000045 2
0.000053 366
0.000044 2
0.000048 234
0.000043 2
0.000049 234
0.000042 2
0.000042 3
0.000085 2
0.000361 2
0.000089 117
0.000063 2
0.000075 117
0.000076 2
0.000086 117
0.000077 2
0.000048 117
0.000043 2
0.000057 121
0.000076 2
0.000081 117
0.000075 2
0.000077 117
0.000077 2
0.000049 2
0.000263 115
0.000046 2
0.000134 117
0.000071 2
0.000068 117
0.000053 2
0.000079 117
0.000081 2
0.001172 117
0.000087 2
0.000082 117
0.000074 2
0.000072 117
0.000068 2
0.000209 117
0.000718 2
0.000077 117
0.000068 2
0.000072 117
0.000067 2
0.000069 117
0.000066 2
0.000070 117
0.000066 2
0.000071 117
1.042239 113
0.000105 2
0.000362 2
0.000111 366
0.000085 2
0.000621 234
0.000107 2
0.000087 234
0.000074 2
0.000073 3
0.000076 2
0.000079 2
0.000086 117
0.000082 2
0.000088 117
0.000080 2
0.000075 117
0.000073 2
0.000072 117
0.000068 2
0.000073 121
0.000080 2
0.000078 2
0.000078 2
0.000078 2
0.000074 2
0.000077 2
0.000077 2
0.000077 2
0.000180 2
0.000079 2
0.000083 2
0.000079 2
0.000075 2
0.000074 2
0.000081 2
1.162526 26
0.000207 30
0.000016 96
0.000175 26
0.000014 2
0.034921 150
0.000032 7
0.001851 8
13.773429 9
0.002906 63
0.123152 22
0.111996 42
0.160563 53
0.044323 6
1.241039 171
0.234533 7
0.024909 8
0.000149 1
0.000085 2
0.021163 35
2.064924 2
0.095960 82
0.000042 11
0.000039 7
0.000038 4
0.000042 16
0.000025 13
0.000008 7
0.000026 3
0.000028 6
0.000102 17
0.000012 87
0.000047 12
0.000135 22
0.000196 8
0.000026 48
0.000026 8
0.000024 4
0.000024 4
0.000031 12
0.000030 23
0.000030 7
0.000026 7
0.000032 13
0.000043 45
0.000057 33
0.000129 48
0.000248 1
0.000029 55
0.000029 28
0.000015 27
0.000038 7
0.000008 17
0.000026 32
0.000026 7
0.000031 4
0.000032 4
0.000007 1
0.000031 27
0.000030 30
0.000030 7
0.000036 7
0.000038 49
0.000013 1
0.000070 10
0.000111 50
0.000014 1
0.000130 1
0.000037 1
0.000032 8
0.000032 19
0.000026 24
0.000026 6
0.000026 5
0.000052 4
0.000070 55
0.001650 1184
0.000099 100
0.000070 55
0.000028 4
0.000041 15
0.000067 30
0.000025 5
0.000044 5
0.000050 9
0.000055 44
0.000085 30
0.000015 29
0.000171 49
0.000019 7
0.000029 5
0.000023 17
0.000042 22
0.000018 7
0.000026 4
0.000040 4
0.000156 56
0.000018 34
0.000510 14
0.000183 1237
0.000113 11
0.000056 9
0.000018 38
0.000064 9
0.000178 7
0.000034 14
0.000024 24
0.000026 4
0.000024 5
0.000029 5
0.000025 14
0.000031 23
0.000025 5
0.000025 7
0.000041 5
0.000097 52
0.000235 51
0.000008 8
0.000033 25
0.000027 14
0.000006 1
0.000030 8
0.000029 4
0.000006 1
0.000027 30
0.000029 7
0.000028 7
0.000027 6
0.000026 40
0.000024 5
0.000023 5
0.000041 4
0.000109 51
0.000043 1
0.000024 6
0.000038 14
0.000228 36
0.000008 8
0.000027 2
0.000028 33
0.000020 4
0.000024 4
0.000030 4
0.000024 7
0.000025 23
0.000049 15
0.000077 27
0.000151 22
0.000057 9
0.000028 5
0.000066 19
0.000073 30
0.000080 21
0.000151 36
0.000017 43
0.000070 10
0.000093 6
0.000070 14
0.000113 27
0.000100 14
0.000012 22
0.000017 16
0.000060 8
0.000190 27
0.000015 33
0.000025 30
0.000022 25
0.000027 5
0.000030 6
0.000236 40
0.000011 69
0.000065 9
0.000153 428
0.000039 22
0.000020 22
0.000027 5
0.000024 5
0.000028 5
0.000037 30
0.000089 27
0.000109 45
0.000063 2
0.000082 4
0.000087 1
0.000093 9
0.000058 1
0.000090 45
0.000139 18
0.000018 42
0.000025 3
0.000029 6
0.000028 7
0.000033 46
0.000025 7
0.000043 7
0.000028 27
0.000022 27
0.000025 5
0.000026 8
0.000027 39
0.000029 9
0.000024 9
0.000029 47
0.000025 8
0.000027 8
0.000027 41
0.000046 9
0.000028 9
0.000027 38
0.000023 10
0.000042 5
0.000026 32
0.000023 15
0.000031 7
0.000043 45
0.000029 9
0.000021 10
0.000027 42
0.000085 13
0.000339 39
0.000050 7
0.000022 5
0.000050 4
0.000031 25
0.000026 25
0.000024 7
0.000030 5
0.000023 24
0.000039 16
0.000099 19
0.000146 28
0.000151 20
0.000027 11
0.000024 46
0.000029 6
0.000029 7
0.000023 6
0.000035 28
0.000029 22
0.000006 1
0.000026 7
0.000029 7
0.000023 47
0.000023 4
0.000037 5
0.000100 55
0.000142 7
0.000135 7
0.000075 20
0.000140 35
0.000025 6
0.000026 9
0.000031 45
0.000024 7
0.000024 5
0.000029 5
0.000023 24
0.000025 26
0.000042 6
0.000094 59
0.000153 10
0.000093 51
0.000098 41
0.000087 25
0.000074 18
0.000113 29
0.000079 14
0.000088 4
0.000058 6
0.000026 5
0.000037 16
0.000186 38
0.000036 6
0.000020 43
0.000025 5
0.000023 5
0.000028 4
0.000033 20
0.000022 24
0.000029 5
0.000049 7
0.000078 62
0.000137 51
0.000072 10
0.000132 7
0.000172 34
0.000050 7
0.000032 6
0.000028 7
0.000029 44
0.000038 7
0.000054 7
0.000212 26
0.000020 22
0.000034 5
0.000024 7
0.000025 37
0.000024 4
0.000022 4
0.000022 4
0.000025 4
0.001320 1371
0.001469 124
0.017124 147
0.000022 3
0.000162 7
0.001370 8
6.681774 20
0.000985 82
0.107192 31
0.380703 42
0.140272 31
0.070072 31
0.115594 71
1.070646 275
0.222529 7
0.022206 11
0.013349 124
0.040531 150
0.000647 7
0.001595 8
1.093102 69
1.100142 178
1.996435 11
0.006408 69
1.726646 285
0.282680 7
0.003236 11
0.181568 96
0.000771 28
0.016803 150
0.000157 7
0.001260 8
3.363774 20
0.002461 51
0.046126 23
0.218121 42
0.072029 47
0.244558 7
0.013771 11
0.000613 127
0.000759 28
0.042415 150
0.000520 7
0.001534 8
1.331988 20
0.004209 51
0.052129 23
0.189884 42
0.070541 47
0.289836 7
0.007472 11
0.016046 31
