0.013331 8
0.000077 63
7.294238 1
0.087741 1
0.258069 1
0.135252 1
0.149346 1
0.108137 1
0.590104 1
0.335715 1
0.083119 1
0.176964 1
0.194612 1
0.090564 1
0.150375 1
0.258811 1
0.205789 11
0.001818 71
2.610194 1
0.108251 1
0.133670 1
0.206724 92
14.397579 1
0.127223 1
0.088927 1
0.239696 1
0.533215 1
0.108280 1
0.102390 1
2.376113 1
0.135272 1
0.533682 1
0.312215 1
0.109647 1
0.162811 1
0.211513 1
0.073343 1
0.143112 1
0.204671 1
0.379009 1
1.926808 1
0.166933 1
0.613995 1
0.262907 1
0.387363 1
0.166237 1
0.071340 1
0.743799 11
0.002667 71
20.418155 1
0.269643 1
0.435977 1
0.134648 1
2.176739 1
1.256921 1
0.467098 1
0.160377 1
0.218790 1
0.437359 1
0.471623 1
2.451201 1
2.186836 4
0.329096 1
0.586450 1
0.066000 1
0.661914 1
0.386549 3
0.378519 3
0.128911 3
0.098160 3
0.167064 3
0.713749 3
0.796155 1
0.912875 4
0.219082 1
2.558168 1
0.440197 1
0.769666 1
0.181219 1
0.169454 1
0.216598 1
0.109916 1
0.117196 1
0.192078 1
0.511675 1
1.689264 1
2.850038 11
0.001588 56
0.000074 2
0.000046 55
0.000039 2
0.000062 50
0.000037 2
0.000375 71
52.327216 1
0.185235 1
0.235014 1
0.163932 1
0.645655 1
0.302944 1
0.126329 1
0.209530 1
0.145125 1
0.108446 1
0.170552 1
0.120448 1
0.338515 1
0.156512 1
0.234310 1
0.762024 1
0.073755 1
1.560656 1
1.614066 1
0.303223 1
0.192785 1
0.229829 1
0.299595 1
0.176961 1
0.215481 1
0.306403 1
0.314437 1
0.156150 1
0.257041 1
0.297847 1
0.162051 1
0.155603 1
0.454854 11
0.039619 1
0.000144 41
1.516659 2
0.099424 168
0.000294 214
0.000103 61
0.155014 108
0.030112 157
0.001188 8
44.853728 20
0.001009 58
0.077976 83
0.000731 45
0.285267 42
0.220820 31
0.122979 59
0.109795 6
0.842938 77
0.269468 1
0.093205 1
0.172764 1
0.188818 1
0.112354 1
0.090216 1
0.201255 1
0.167696 7
0.002645 11
0.003734 110
0.021238 150
0.000116 7
0.001379 8
3.227880 11
0.000431 80
0.130364 18
0.149394 6
0.313229 227
0.272422 22
1.043141 17
0.001368 7
0.013027 11
0.004123 82
0.000514 28
0.031992 157
0.001867 8
1.227752 11
0.000839 51
0.142413 18
0.083663 58
0.000042 7
0.003739 11
0.002189 162
0.000145 135
0.000794 82
0.000372 28
0.017182 150
0.000092 7
0.001029 8
3.047772 12
0.193970 17
0.499843 17
0.000598 26
0.508102 24
0.000858 28
0.018642 31
0.000534 30
0.030931 38
0.000727 32
0.030829 45
0.000775 34
0.026507 52
0.000806 36
0.029935 59
0.000759 38
0.027868 52
0.000476 36
0.031459 52
0.030181 20
0.001155 38
0.027110 15
0.578473 20
0.000810 73
0.063709 160
0.000720 42
0.133472 6
0.221314 85
0.430687 15
0.084082 15
0.256355 20
0.273242 17
0.003422 7
0.004095 93
0.000044 37
0.020255 166
0.001129 8
1.170049 11
0.000411 38
0.131656 18
0.088502 7
0.003384 11
0.002631 119
0.020418 159
0.000047 7
0.000886 8
3.208056 20
0.000647 66
0.108550 23
0.095158 25
0.099123 6
2.394626 83
0.330033 1
0.374304 1
0.129236 1
0.182829 1
0.125925 1
0.236491 1
0.507015 1
0.131939 1
0.090967 1
0.797768 7
0.004199 11
0.023630 88
0.000684 56
0.005969 2029
0.025879 171
0.001918 1996
1.568301 104
2.086113 30
0.802564 28
0.058639 28
0.200918 28
0.075747 27
0.207101 28
0.105497 28
0.139010 27
0.433986 30
0.134618 28
0.319176 29
0.095804 29
0.363792 29
0.097188 29
1.519512 29
0.555034 39
1.430198 28
0.529205 28
0.060774 28
0.156889 28
0.074233 27
0.804421 28
0.129836 28
0.106718 27
0.239859 30
0.117523 29
0.116569 29
0.120553 28
0.191759 29
0.331139 29
0.383807 29
0.146539 29
0.202228 29
0.592191 29
0.101524 29
0.494939 29
0.199006 29
0.217856 29
0.091361 29
1.572496 29
0.248095 39
1.136430 28
0.340483 28
0.094714 28
0.138304 28
0.092795 27
0.275765 28
0.108470 28
0.103720 27
0.569556 30
0.085128 29
0.476512 29
0.197204 28
0.648486 29
0.139003 29
0.143293 29
0.384692 29
0.238696 29
0.117960 28
0.406474 30
0.101038 29
0.187594 29
0.097311 29
0.691368 29
0.960671 38
0.217100 29
1.154930 39
0.555173 28
0.494592 36
0.366242 28
0.469491 28
0.195754 28
0.305681 28
0.120740 27
0.245017 28
0.101629 28
0.121325 27
0.615545 30
0.141470 29
0.161004 29
0.116517 28
0.222128 29
0.205085 29
0.226284 29
0.223818 29
0.276845 29
0.102525 29
0.147114 29
0.499103 29
0.100387 29
0.250830 29
0.040436 29
0.656961 29
3.180439 40
0.103745 50
0.562653 47
0.370488 1
0.074362 1
0.278201 49
0.018982 30
0.000450 33
0.000370 29
0.004207 119
0.022588 166
0.001919 8
102.093552 20
0.000926 60
0.073697 89
0.000705 51
0.148241 35
0.064479 6
0.953146 133
0.259393 15
0.172171 31
0.738560 7
0.000030 7
0.003268 11
0.001766 211
0.000226 2
0.021003 118
0.000039 41
0.000275 7
0.001144 8
28.346422 20
0.599079 31
0.140595 35
0.105011 1
1.885364 11
0.489670 26
0.640003 11
0.217144 18
0.152321 18
0.078441 18
0.146393 18
2.593740 18
0.744708 18
0.559618 18
0.700183 52
0.719789 11
1.060224 1
0.480403 9
0.337748 15
0.527209 15
0.161312 15
0.167530 15
0.110093 15
0.645138 7
0.004109 47
0.002545 78
0.000339 82
0.000183 35
0.000174 2
0.018401 156
0.000128 3
0.000306 7
0.001160 8
2.873851 97
1.266839 15
0.332052 15
0.119782 15
0.104033 15
0.402070 7
0.005667 11
0.002620 24
0.000914 119
0.022687 166
0.001754 8
20.220737 101
0.203982 1
0.501914 1
0.033395 1
0.030174 1
0.029006 1
0.031090 1
0.032651 1
0.031680 1
0.035603 1
0.024996 1
0.026409 1
0.166625 1
0.149461 37
0.587293 15
0.492007 104
1.252721 7
0.003748 43
0.002985 18
0.000149 82
0.000306 37
0.019176 156
0.000051 3
0.000286 7
0.001082 8
57.292815 20
0.000561 76
0.118240 31
0.162607 35
1.398152 6
0.822667 11
0.381981 149
0.244051 18
0.110908 18
1.486873 20
0.160254 20
0.126748 20
0.001350 51
0.862749 149
0.330502 18
0.270240 18
0.131702 18
1.618637 18
0.160241 18
0.632824 26
1.737081 11
0.442394 8
0.164483 11
0.201951 18
0.209836 18
0.136116 18
0.064492 18
0.103939 18
2.273712 18
0.876939 18
0.918671 18
1.787689 18
0.470966 18
0.122493 18
0.166746 18
0.057526 18
2.391912 26
2.509035 11
1.660828 8
0.921217 11
1.914217 18
0.556096 53
0.452366 11
2.846306 18
0.618631 54
0.453754 11
2.128881 7
0.004753 11
4.447632 1
0.248923 1
0.364121 1
0.135352 1
0.093976 1
0.551904 1
0.182840 1
0.206963 1
0.108843 1
0.118339 1
2.036224 1
0.249758 1
0.204019 1
0.406584 1
0.152117 1
0.284037 1
0.758138 1
0.110939 1
0.141608 1
1.991072 1
0.288092 1
0.288421 1
0.916208 1
0.230757 2
9.497898 1
0.542145 1
0.169472 1
0.118909 1
0.129050 1
0.611948 3
0.131341 3
0.113182 1
0.126052 1
0.532556 1
0.157963 1
0.207780 1
0.121547 1
0.108264 1
0.917276 1
0.142130 1
0.192981 1
0.483380 1
0.135565 1
0.245416 1
0.352922 1
0.145472 1
0.108793 1
0.920885 1
0.157506 1
0.125312 1
0.299478 1
0.228241 27
5.474874 123
0.018101 159
0.000046 7
0.001764 8
105.592271 20
0.000437 63
0.094192 23
0.100324 113
0.024627 1
0.952988 1
0.134414 42
0.000843 41
0.193180 25
0.087787 6
0.648786 64
0.166910 1
0.433984 1
0.102644 1
0.802747 1
0.926505 1
0.638538 1
0.391299 1
0.325045 1
0.107146 1
0.226589 1
0.331977 1
0.099980 1
2.615978 7
0.003406 11
0.019257 88
0.000420 59
0.002104 83
0.000577 1946
0.001289 171
0.001248 1999
1.438419 104
2.322811 29
3.199779 27
0.358236 1
35.876952 28
0.486615 28
0.827043 28
0.141116 28
0.542707 28
0.120751 28
1.545589 28
0.141900 28
0.133041 29
0.601677 29
0.690218 29
0.081355 29
0.123926 29
0.113806 28
2.158060 29
0.201069 29
1.419079 28
0.204188 29
0.127448 29
0.562478 29
0.569625 39
1.654552 28
0.286715 28
0.733578 28
0.201438 28
0.335937 28
0.188557 27
2.774323 28
0.882139 28
0.493346 30
0.144833 29
0.333938 29
0.421466 29
0.191577 29
1.340158 28
1.273765 29
0.093327 29
0.965283 28
0.558005 29
0.111796 29
0.144938 29
0.129019 28
0.663300 28
0.312875 39
2.316414 28
0.328669 28
0.128666 28
2.454901 28
0.459349 28
0.150189 28
0.120924 28
0.470171 28
0.270001 30
0.126514 29
0.177933 28
1.830666 29
0.692333 29
0.159168 29
0.380023 29
0.152272 29
0.289924 29
1.334673 28
1.223909 30
0.240984 29
0.202400 28
1.347196 29
0.135833 28
0.135580 29
0.335383 39
2.192955 28
0.353823 28
0.333314 28
0.166617 28
0.502831 28
0.149544 28
0.225656 28
0.129822 27
0.776238 30
0.366483 29
0.171597 29
0.359738 29
0.171442 29
0.454134 29
0.171634 29
0.109421 29
1.014013 28
0.795628 29
0.230305 30
0.949559 28
0.337480 29
0.462746 28
0.141419 29
0.297173 39
4.274738 28
0.290135 28
0.444462 28
0.313208 28
0.163772 28
0.142121 27
1.745404 28
0.239325 28
0.740681 30
0.434683 29
0.106060 29
0.178172 28
1.975912 29
0.185059 29
0.219277 28
1.572117 29
0.147106 28
0.171449 29
0.354009 39
2.025289 28
0.319023 28
0.271402 28
0.215149 28
0.362861 28
0.123373 27
1.398430 28
0.290658 28
0.370121 30
0.139904 29
0.206512 29
0.457208 29
0.358299 29
0.126032 28
1.967708 29
0.224685 29
0.170374 28
2.138860 29
0.151139 29
0.135718 29
0.275487 39
2.398292 28
0.280502 28
1.511161 28
0.131334 28
0.153012 28
0.212196 28
0.128672 27
1.860447 28
0.283422 30
0.616549 29
0.143706 29
0.134232 28
2.866694 29
0.570018 29
1.019102 28
0.292943 29
0.194773 28
0.175507 29
1.183774 40
0.100400 50
0.478887 47
0.275930 1
0.106031 1
0.238080 52
0.019965 23
0.003013 152
0.000164 37
0.021903 159
0.000201 7
0.001071 8
5.538765 20
0.000743 83
0.093617 31
0.125515 35
0.494855 6
1.730865 11
0.567358 199
0.000907 50
1.195074 11
0.214061 18
0.168714 18
0.030127 18
0.139085 18
1.470485 18
1.201807 18
0.547048 101
0.002309 42
0.356790 95
1.000198 18
1.488614 20
0.209838 18
0.361639 18
0.724120 18
0.249352 18
2.201860 18
0.712729 54
0.698162 11
1.042359 1
0.350058 9
0.185250 15
0.221200 15
0.139042 15
0.800309 15
0.385317 15
0.424823 15
0.189061 15
0.336213 15
0.071817 15
0.154421 15
0.302434 15
0.119048 15
1.253907 7
0.004904 8
0.000262 3
0.002869 122
0.000451 82
0.000236 35
0.000264 2
0.019350 156
0.000032 3
0.000219 7
0.001719 8
161.138571 20
0.000806 85
0.450648 31
0.106166 35
0.125409 6
2.018885 11
1.010506 203
0.001247 57
0.347294 185
0.115404 18
1.404235 18
0.413974 26
0.525936 11
0.340485 18
0.124097 18
0.055295 18
0.093408 18
0.650322 26
1.474924 24
0.136651 18
0.585461 18
0.941459 18
0.475856 26
2.292169 24
1.180646 52
0.584624 11
1.445864 1
0.281398 9
0.155995 15
0.206124 15
0.118531 15
0.971495 15
0.450098 15
0.627115 15
0.129941 15
0.712007 15
0.060875 15
0.185270 15
0.248620 15
0.080561 15
0.793776 18
0.002315 20
0.000326 119
0.019612 159
0.000030 7
0.000715 8
32.015294 20
0.001154 83
0.211521 31
0.958826 35
0.532325 6
0.159221 11
2.801495 191
1.079522 20
0.000864 58
0.396143 191
0.866982 18
1.387448 18
0.136016 18
0.624523 18
0.699155 26
0.319835 11
1.651506 1
0.499384 1
0.030423 1
0.030674 1
0.032283 1
0.028379 1
0.188130 1
1.279506 90
0.974018 4
0.500100 4
0.030297 4
0.030528 4
0.031220 37
0.029385 34
0.029971 4
0.995447 1
0.404747 9
0.138187 15
0.152221 15
0.144318 15
0.805811 15
0.360295 15
0.361905 15
0.226739 15
0.679011 15
0.088234 15
0.113969 15
0.235786 15
0.098544 15
0.298269 7
0.004090 11
0.002411 46
0.000311 82
0.000190 35
0.000153 2
0.019289 159
0.000477 7
0.001245 8
15.273063 101
0.115195 1
0.500508 1
0.031274 1
0.029653 1
0.029904 1
0.029896 1
0.029618 1
0.030279 1
0.030009 1
0.031547 1
0.032491 1
0.222159 1
0.188367 1
0.158326 1
0.181849 1
0.684255 39
0.530046 15
0.170666 15
0.173022 15
0.525777 15
0.941193 119
0.372372 119
0.125618 119
0.374121 191
1.993585 186
0.278972 119
3.287918 119
0.583746 119
0.923802 119
1.346495 32
1.280260 96
0.122372 96
1.498123 109
0.305470 129
0.630747 30
1.758995 119
0.335030 119
1.062641 119
0.122838 119
0.379187 119
2.185909 7
0.006274 45
0.002722 104
0.000099 37
0.018752 120
0.000033 39
0.000320 7
0.001408 8
33.871112 20
0.000939 88
0.091047 31
0.135969 35
3.538717 329
0.514533 1
0.500515 1
0.029889 1
0.034946 1
0.030522 1
0.031540 1
0.028933 1
0.030234 1
0.028906 1
0.029928 1
0.030459 1
0.030443 1
0.029999 1
0.207811 1
0.195255 1
0.342339 44
0.496857 15
0.032136 15
0.031078 15
0.029571 15
0.030238 15
0.028524 15
0.030815 15
0.031888 15
0.028936 42
0.031895 15
0.029468 15
0.029376 15
0.196112 15
0.160730 15
0.195136 15
0.224885 15
0.539757 15
0.645357 96
0.129398 96
0.163962 96
0.505544 96
0.204303 96
0.091821 96
1.728353 109
1.039230 96
0.357803 96
0.493040 135
1.661724 96
0.563190 96
1.114055 138
1.986477 96
0.282479 109
0.762465 96
0.205671 96
0.148333 96
0.083713 96
0.106989 96
0.605318 109
0.771777 15
0.196298 138
2.623101 7
0.004425 11
0.002353 95
0.000265 82
0.000189 35
0.000139 2
0.018028 156
0.000041 3
0.000287 7
0.001124 8
15.412742 20
0.000543 91
0.064269 31
0.158989 35
1.025774 373
0.325912 1
0.506490 1
0.021535 1
0.030374 1
0.029875 1
0.030543 1
0.030649 1
0.030415 1
0.031869 1
0.029642 1
0.029728 1
0.030539 1
0.204773 1
0.201435 1
0.234275 1
0.497313 44
0.500840 15
0.030588 15
0.030562 15
0.030547 15
0.029764 15
0.029168 15
0.030392 15
0.031957 43
0.029052 15
0.032089 15
0.027515 41
0.029651 15
0.031660 15
0.029904 15
0.030145 15
0.030304 15
0.030408 15
0.150693 15
0.172728 15
0.253764 15
1.204732 15
1.952263 109
1.516035 96
0.181625 96
0.123683 96
0.062793 96
0.103048 96
1.166707 96
0.664892 96
0.685820 96
2.033004 96
0.157813 96
0.635535 96
0.579263 96
0.571184 138
1.607825 7
0.003888 8
0.000236 3
0.002601 171
0.000274 82
0.000266 35
0.000215 2
0.019621 120
0.000174 39
0.000567 7
0.001267 8
19.010539 20
0.000952 83
0.045757 31
0.135425 35
1.216031 273
0.126324 1
0.499270 1
0.030303 1
0.030588 1
0.031436 1
0.027527 1
0.030787 1
0.029493 1
0.030666 1
0.031420 1
0.040538 1
0.021523 1
0.176062 1
0.206111 1
0.154539 1
0.211485 38
0.421192 15
0.499193 15
0.028694 15
0.032409 15
0.029109 15
0.030396 15
0.112617 15
2.360365 119
0.414529 119
0.223153 119
0.356067 119
0.832572 119
0.149369 119
0.142774 119
0.112032 119
0.832752 162
3.336392 119
1.840414 119
0.680796 189
2.215910 7
0.005364 45
0.003498 55
0.000752 82
0.000457 35
0.000583 2
0.021111 156
0.000214 3
0.000372 7
0.003507 8
15.867919 20
0.000559 88
0.061690 31
0.133165 35
0.611369 329
0.150294 1
0.499101 1
0.030895 1
0.029375 1
0.029698 1
0.030626 1
0.030036 1
0.029372 1
0.030026 1
0.029957 1
0.030007 1
0.030849 1
0.030155 1
0.225014 1
0.695529 1
0.230972 43
0.500647 41
0.032459 15
0.029959 15
0.030336 15
0.032701 15
0.028927 15
0.032152 15
0.028114 15
0.030827 15
0.029053 15
0.029798 15
0.030522 15
0.031436 15
0.029436 15
0.029458 15
0.030552 15
0.031885 15
0.224262 15
2.528085 109
0.881510 96
0.116386 96
0.088049 96
0.205404 96
1.434536 96
1.082820 96
0.432880 96
1.274171 96
0.935587 96
1.456153 137
0.273455 96
0.668184 96
0.291323 96
0.133744 96
0.924674 96
0.425760 109
0.788296 96
0.286312 96
0.131927 96
0.088812 96
0.065069 96
1.669386 109
0.715635 96
0.743825 96
0.175507 96
0.188909 96
1.575216 96
0.315736 96
1.676399 96
0.157290 96
0.547367 15
0.214715 96
0.130539 96
0.108765 96
0.925795 138
2.515014 138
0.592930 7
0.003895 11
0.002836 9
0.000715 82
0.000329 37
0.019706 166
0.000992 8
15.382005 20
0.001027 104
0.045182 31
0.127589 35
2.055062 451
0.137212 1
0.500064 1
0.031676 1
0.030241 1
0.028387 1
0.029737 1
0.030177 1
0.030867 1
0.029546 1
0.031319 1
0.028518 1
0.030617 1
0.030741 1
0.030733 1
0.030596 1
0.032346 38
0.600648 34
0.291050 43
0.524838 43
0.008069 15
0.029478 15
0.034352 15
0.025334 15
0.030332 15
0.030175 15
0.029915 15
0.034542 15
0.027536 15
0.028285 15
0.031180 15
0.029820 15
0.038478 15
0.023329 15
0.030856 15
0.029844 15
0.030908 15
0.030392 15
0.032210 15
0.030798 15
0.033864 15
0.023372 15
0.030347 42
0.031116 15
0.030278 15
0.029723 15
0.032773 15
0.150472 15
0.161390 15
0.162820 15
0.163852 15
0.147657 15
0.241011 15
5.266551 109
1.781903 96
0.841582 96
2.168882 96
0.606189 96
0.408008 96
1.709778 96
39.333796 96
0.311441 96
0.199794 96
1.153380 96
0.106555 96
0.634919 96
0.923575 96
2.603434 138
1.602974 7
0.004649 11
0.003144 82
0.000154 35
0.000171 2
0.018547 118
0.000066 38
0.000129 3
0.000279 7
0.001040 8
1.005849 109
0.449041 1
0.500454 1
0.032812 1
0.027776 1
0.037019 1
0.025976 1
0.029746 1
0.032896 1
0.025612 1
0.029784 1
0.033261 1
0.028250 1
0.028920 1
0.030418 1
0.030344 1
0.299835 38
0.183016 34
0.404873 15
0.197472 15
0.130021 15
0.149731 15
0.140178 15
0.149182 15
0.666234 125
0.403572 125
0.140001 125
0.924868 125
0.829954 125
0.378212 125
0.206835 125
0.972035 125
1.197543 125
0.107762 125
1.104476 15
0.139547 125
4.866244 7
0.004916 11
0.001891 26
0.000678 82
0.000490 37
0.023358 166
0.001370 8
34.390193 113
0.173236 1
0.508997 1
0.031406 1
0.023733 1
0.030021 1
0.030856 1
0.029148 1
0.030838 1
0.029338 1
0.030773 1
0.029779 1
0.030997 1
0.209963 1
0.191298 1
0.170082 1
0.168780 38
0.218041 34
0.939495 15
0.167177 15
0.163389 15
0.174241 15
0.170034 15
0.163350 15
0.171542 15
0.162040 15
0.161646 15
0.406448 15
0.476298 168
1.037110 125
0.366446 125
0.750140 189
1.249328 125
0.198225 125
0.121994 125
0.355863 125
2.730296 7
0.004968 11
0.003436 119
0.022198 166
0.001749 8
8.109062 157
0.181777 1
0.499583 1
0.032152 1
0.030581 1
0.033118 1
0.030163 1
0.031150 1
0.028789 1
0.031420 1
0.029297 1
0.030826 1
0.029217 1
0.031049 1
0.029999 1
0.030910 1
0.033248 38
0.030472 34
0.030579 1
0.367245 4
0.356482 15
0.166492 15
0.143584 15
0.607872 125
0.221597 125
0.202280 125
0.329690 7
0.003824 11
0.002351 20
0.001048 119
0.017559 166
0.001504 8
105.721441 157
0.254969 1
0.500510 1
0.029688 1
0.030361 1
0.029799 1
0.029815 1
0.029858 1
0.029441 1
0.030578 1
0.030361 1
0.030926 1
0.029061 1
0.030884 1
0.028927 1
0.031067 1
0.030749 38
0.029949 34
0.030067 1
0.029930 1
0.030205 1
0.030313 1
0.030793 36
0.029954 31
0.030316 1
0.030892 36
0.029286 33
0.176712 1
0.205428 1
0.758088 225
0.663356 7
0.004297 11
0.003192 44
0.000345 24
0.000025 2
0.000415 25
0.000356 22
0.000226 18
0.000144 2
0.000945 117
0.000287 2
0.018048 166
0.002724 8
38.992315 20
0.001024 66
0.198037 126
0.142860 42
0.118654 31
0.428303 34
0.154007 45
0.135541 34
0.001283 66
0.326503 23
0.096143 25
0.117951 6
1.626215 83
0.142393 1
0.163333 1
0.157113 1
0.321359 1
0.502647 1
0.092269 1
0.749365 1
1.325499 1
0.104822 1
0.148880 1
3.372387 7
0.016482 11
0.027714 88
0.001143 57
0.002336 83
0.000589 1946
0.021808 100
0.000979 2068
1.136226 104
1.616431 30
0.184837 28
0.131773 28
0.181016 28
0.110366 28
0.588364 28
0.264151 28
0.084382 28
0.236445 30
0.136394 29
1.633994 29
1.468606 39
0.723990 28
0.103676 28
0.152254 28
0.127441 28
0.283337 28
0.122237 28
0.922922 28
1.194739 28
0.138881 30
0.426014 29
0.136437 29
0.145082 29
0.054702 29
0.209513 29
1.671057 29
0.246957 39
1.824576 28
0.146260 28
0.211865 28
0.150231 28
0.346170 28
0.576574 28
0.144682 28
0.293530 28
0.128989 30
0.121805 29
0.908886 29
1.466281 29
0.044561 29
0.263924 29
1.203309 29
0.542064 29
0.292365 39
2.507464 28
0.194879 28
0.130819 28
0.437457 28
0.098678 28
1.280686 28
0.321569 28
0.397922 28
0.764685 30
0.815766 29
0.174131 29
0.078170 29
0.960486 29
2.177624 29
0.155333 29
0.615873 39
1.969453 28
0.236813 28
0.120163 28
0.164698 28
0.109348 28
0.236995 28
0.372237 28
0.184055 28
0.122180 30
0.159176 29
0.159681 29
0.915288 29
2.260560 29
1.045914 39
0.536238 28
0.106394 28
0.279806 28
0.184422 28
0.249446 28
1.652713 28
0.337100 28
0.929622 28
0.611567 30
0.154770 29
0.124311 29
0.129311 29
1.906827 29
0.708227 39
2.468137 28
0.153406 28
0.138720 28
0.079262 28
0.747087 28
2.411356 28
0.403085 28
0.158873 28
0.501105 30
0.153923 29
0.290908 29
1.796851 29
0.227785 39
1.438422 28
0.161194 28
0.685611 28
0.134278 28
0.274655 28
0.538436 28
0.238778 28
2.453101 28
0.361139 30
0.523823 29
0.374295 29
0.092545 29
0.913583 29
12.062175 29
1.963093 39
0.341039 28
0.207115 28
0.228363 28
0.159853 28
0.338797 28
0.696852 28
0.127629 28
0.159931 28
0.131181 30
1.166688 29
2.410450 29
0.128353 29
0.315522 29
0.142596 29
0.141440 29
0.098298 29
0.599749 29
1.349625 29
5.629333 40
0.110477 17
0.001355 33
0.450862 47
0.261148 1
0.087233 1
0.183975 50
0.009314 41
0.005655 171
0.033704 120
0.000034 39
0.000293 7
0.001183 8
41.705662 20
0.000729 87
0.289496 31
0.128716 35
1.616320 6
0.450619 214
0.554453 18
1.925701 18
1.018560 18
0.397973 18
1.067150 1
0.713733 11
2.157803 18
3.645401 18
1.836027 18
0.706359 18
1.416628 18
0.324675 26
0.926965 11
0.284722 18
0.112135 18
0.136497 18
0.128329 18
1.265248 18
0.967802 18
0.829331 18
0.450902 18
0.550010 18
0.759050 18
0.700850 1
0.161926 1
0.126106 25
0.146506 4
0.182790 4
1.787755 54
0.783514 11
1.067109 1
0.482765 9
0.218285 15
0.152512 15
0.144281 15
0.227997 15
0.317342 15
0.098709 37
0.465692 43
0.111322 15
0.290017 15
1.945477 15
0.120821 15
0.240575 15
0.670183 1
0.314850 19
0.364460 1
0.694599 1
0.206397 1
0.223841 1
0.270011 1
0.445839 1
0.246098 1
0.315517 1
0.738071 1
0.116395 1
0.131911 1
0.973554 7
0.002177 11
0.002920 119
0.017776 166
0.001080 8
3.894344 9
0.000607 52
0.093740 35
0.096727 35
0.080645 6
1.340490 72
0.198079 15
0.140532 31
0.653982 14
0.001827 9
0.000209 2
0.002137 41
0.000193 82
0.000504 37
0.027937 156
0.000370 10
0.002028 8
24.472962 20
0.001999 51
0.078775 23
0.149885 42
0.096967 47
0.252022 7
0.001997 11
0.003108 39
0.000479 71
0.601696 1
0.066528 1
0.153079 1
0.380545 4
0.261576 1
0.124899 1
0.288280 17
