0.020546 8
0.000097 63
9.782465 1
0.092117 1
0.097678 1
0.120418 1
1.712195 1
0.125577 1
0.248033 1
0.099745 1
0.946255 4
0.154790 4
0.161464 4
0.374312 4
0.395777 1
0.133889 1
0.180451 1
0.115223 1
0.658956 1
0.311606 1
0.669951 1
0.107062 1
6.899731 11
0.000992 28
0.000066 2
0.000348 71
5.079570 12
0.160613 1
0.500970 1
0.031363 1
0.029983 1
0.029677 1
0.030016 1
0.030419 1
0.030545 1
0.206673 1
0.519833 23
0.315379 11
0.037332 47
0.001045 78
0.000174 1923
0.948206 33
0.530517 1
0.075868 1
0.220510 31
0.023056 92
0.000133 71
135.440600 1
0.167371 1
0.121218 1
0.077094 1
0.604783 1
0.079409 1
0.215263 1
0.110255 1
0.623355 1
0.154280 1
0.815716 1
0.063276 1
0.763001 11
0.000947 12
0.000040 2
0.000027 11
0.000026 2
0.000025 39
0.000025 2
0.000026 7
0.000025 2
0.000067 6
0.000029 2
0.000026 1
0.000025 2
0.000025 2
0.000025 1
0.000026 1
0.000025 7
0.000025 2
0.000025 1
0.000053 1
0.000028 24
0.000025 2
0.000024 1
0.000025 1
0.000024 11
0.000024 2
0.000024 1
0.000025 4
0.000024 2
0.000024 1
0.000025 2
0.000212 71
17.334932 1
0.063483 1
0.775452 1
0.095160 1
0.204875 1
0.129653 1
0.104886 1
0.804711 1
0.146252 1
1.927951 1
0.535044 1
0.108533 1
0.535860 11
0.002523 35
0.000163 2
0.001050 71
1.588119 1
0.095304 1
0.584263 1
0.061284 1
0.133495 1
0.075447 1
1.003808 1
0.201777 1
0.535073 1
0.226542 1
1.055566 1
0.357548 4
0.328989 1
0.771053 4
0.253271 1
0.084502 1
0.359775 4
0.139440 4
0.220559 1
0.045306 1
0.213808 3
1.156901 1
0.403012 1
1.119735 1
0.089713 1
0.459909 11
0.003428 71
0.842484 18
0.133724 32
0.294838 11
0.007845 45
0.000200 2
0.002178 88
0.000160 71
30.004891 10
0.422424 11
0.001918 45
0.000044 2
0.000508 87
0.000036 71
33.590566 10
0.384141 11
1.028174 3
1.002297 3
1.002257 3
1.002536 3
0.708028 89
33.432023 1
0.050038 1
0.133073 1
0.621220 1
0.110060 1
0.199720 1
0.123843 1
0.636662 1
0.136210 1
0.871298 1
0.122565 1
0.376217 11
0.002068 47
0.001315 78
0.000612 1923
1.180537 33
0.203946 1
0.092084 1
0.086756 31
0.010457 92
0.000961 71
68.846757 1
0.094906 1
0.543880 1
0.723859 1
0.121773 1
0.101004 1
3.525384 1
0.177227 1
0.484867 1
0.224517 1
0.668180 1
0.098402 1
0.240005 1
0.127799 1
0.647854 1
0.130863 1
0.721913 1
0.097677 1
0.354116 11
0.004620 71
1.335801 1
0.083274 1
0.126356 1
0.078526 1
1.220171 1
0.108887 1
0.186551 3
0.664134 1
0.194207 1
0.741077 1
0.089726 1
0.345026 11
0.003732 12
0.000420 2
0.000177 2
0.000181 47
0.000121 2
0.000542 55
0.000122 2
0.001044 71
37.368763 1
0.031140 1
0.996708 1
0.104916 1
0.218190 1
0.128894 1
0.412156 1
0.177447 1
0.642574 1
0.053071 1
0.412324 11
0.008818 71
12.164121 1
0.101770 1
0.052226 1
0.144077 1
0.149232 1
0.857188 4
0.168023 4
0.389571 1
0.364925 1
0.069143 1
0.222674 1
0.201499 1
0.368597 1
0.091104 1
0.114659 1
0.316778 11
0.000974 9
0.000037 2
0.000026 7
0.000025 2
0.000024 9
0.000024 2
0.000025 9
0.000024 2
0.000024 5
0.000024 2
0.000024 8
0.000025 2
0.000024 6
0.000024 2
0.000024 7
0.000024 2
0.000130 8
0.000028 2
0.000024 8
0.000024 2
0.000025 21
0.000024 2
0.000024 9
0.000024 2
0.000024 24
0.000024 2
0.000024 6
0.000024 2
0.000024 19
0.000026 2
0.000009 19
0.000008 2
0.000008 9
0.000008 2
0.000008 7
0.000008 2
0.000008 9
0.000008 2
0.000008 9
0.000008 2
0.000008 5
0.000008 2
0.000008 8
0.000008 2
0.000008 6
0.000008 2
0.000008 7
0.000008 2
0.000008 8
0.000008 2
0.000008 8
0.000008 2
0.000008 21
0.000008 2
0.000008 9
0.000008 2
0.000008 24
0.000008 2
0.000008 6
0.000008 2
0.000036 19
0.000009 2
0.000008 9
0.000008 2
0.000008 7
0.000008 2
0.000008 9
0.000008 2
0.000008 9
0.000008 2
0.000008 5
0.000008 2
0.000008 8
0.000008 2
0.000008 6
0.000008 2
0.000008 7
0.000008 2
0.000008 8
0.000009 2
0.000008 8
0.000008 2
0.000008 21
0.000008 2
0.000008 9
0.000008 2
0.000008 24
0.000008 2
0.000009 6
0.000008 2
0.000008 19
0.000008 2
0.000008 9
0.000008 2
0.000008 7
0.000008 2
0.000008 9
0.000008 2
0.000008 9
0.000008 2
0.000008 5
0.000008 2
0.000008 8
0.000008 2
0.000008 6
0.000008 2
0.000008 7
0.000008 2
0.000009 8
0.000008 2
0.000008 8
0.000008 2
0.000008 21
0.000008 2
0.000008 9
0.000008 2
0.000008 24
0.000008 2
0.000008 6
0.000009 2
0.000208 71
132.731088 1
0.079669 1
0.084565 1
0.576611 1
0.121547 1
0.249592 1
0.087110 1
0.645570 1
0.128275 1
0.665124 1
0.086124 1
0.488390 11
0.007624 47
0.001315 78
0.000166 1923
1.190552 33
0.236226 1
0.098131 1
0.084135 31
0.007094 92
0.000018 71
64.744720 1
0.112822 1
0.694460 1
0.068295 1
0.162937 1
0.146335 1
1.628284 1
0.118138 1
0.581182 1
0.107404 1
1.047567 1
0.382121 1
0.189282 3
0.666294 1
0.167994 1
0.468851 1
0.265718 1
0.503210 11
0.005165 71
2.331650 1
0.086695 1
0.162554 1
0.059892 1
0.698186 1
0.131292 1
0.682158 202
1.315362 1
0.568720 3
0.866388 1
0.170278 1
0.728355 1
0.087781 1
1.044674 11
0.001039 12
0.000052 2
0.000028 25
0.000025 2
0.000026 38
0.000025 2
0.000322 71
4.698146 1
0.071416 1
0.104223 1
0.521195 1
0.109160 1
0.230665 1
0.100832 1
0.694914 1
0.154096 1
0.339179 1
0.144473 1
0.590123 11
0.002756 24
0.000161 2
0.001370 71
3.348923 11
0.191295 1
0.500260 1
0.030886 1
0.030434 1
0.030826 1
0.168456 1
0.174820 1
0.410861 1
0.326323 21
0.366653 11
0.006550 1
0.000192 2
1.446027 75
36.631399 1
0.130447 1
0.089036 1
0.141178 1
0.166281 17
