0.015208 8
0.000089 63
21.910641 1
0.082679 1
0.102929 1
0.680465 1
0.074923 1
0.324703 1
0.135746 1
0.202451 1
0.174010 1
0.721194 1
0.407635 1
1.675175 1
0.047701 1
1.315990 11
0.001947 47
0.000933 80
0.000141 1923
0.881559 33
0.266209 1
0.045967 1
0.184358 33
0.007495 92
0.000033 71
130.357824 1
0.039156 1
0.499952 1
0.097258 1
0.206481 1
0.128930 1
1.815915 1
0.610657 1
0.148111 1
0.291495 1
0.724021 1
0.095275 1
0.188403 9
0.548558 11
0.008410 71
2.033617 1
0.041552 1
0.796371 1
0.097467 1
0.493679 1
0.129348 1
0.164960 1
0.128257 1
0.595839 1
0.431754 4
0.287411 11
0.001589 6
0.000046 2
0.000045 6
0.000030 2
0.000038 6
0.000029 2
0.000222 71
40.972066 13
0.315388 11
0.002705 5
0.000112 2
0.000084 5
0.000054 2
0.000058 5
0.000035 2
0.000041 5
0.000044 2
0.000037 5
0.000029 2
0.000037 5
0.000031 2
0.000037 5
0.000029 2
0.000036 5
0.000028 2
0.000037 5
0.000028 2
0.000039 6
0.000043 2
0.000379 71
103.602338 13
0.170065 11
0.003951 32
0.000076 2
0.001118 32
0.000252 2
0.001650 32
0.000074 2
0.001635 32
0.000506 2
0.001081 32
0.002124 2
0.001409 32
0.000070 2
0.001058 32
0.000044 2
0.000926 32
0.000040 2
0.001005 32
0.000041 2
0.000877 32
0.000039 2
0.000444 71
27.226094 13
0.363679 60
0.656105 91
0.264882 11
0.004177 13
0.000156 2
0.000148 13
0.000095 2
0.000128 13
0.000092 2
0.000120 13
0.000090 2
0.000120 13
0.000090 2
0.000430 13
0.000099 2
0.000122 13
0.000091 2
0.000119 13
0.000115 2
0.000131 13
0.000091 2
0.000120 14
0.000090 2
0.000662 71
37.472991 13
0.227285 11
0.004073 40
0.001893 40
0.000893 40
0.000781 40
0.001398 40
0.000966 40
0.000862 40
0.000892 40
0.002148 40
0.001033 41
0.000472 71
24.894800 13
0.128143 11
0.002789 10
0.000879 10
0.000955 10
0.000759 10
0.001049 10
0.001319 10
0.000971 10
0.000799 10
0.000838 10
0.002328 10
0.000056 71
8.415408 13
0.127896 11
0.002232 40
0.000776 40
0.000924 40
0.000817 40
0.000721 40
0.000727 40
0.000746 40
0.000818 40
0.000928 40
0.001314 41
0.000175 71
139.480500 13
0.345795 11
0.021930 40
0.012556 40
0.016419 40
0.004962 40
0.003457 40
0.010577 40
0.003438 40
0.003524 40
0.004023 40
0.003806 41
0.000092 71
1.353258 1
0.083234 1
0.140272 11
0.006914 95
0.000228 2
0.000162 91
0.000132 2
0.000137 76
0.000122 2
0.000130 70
0.000119 2
0.000133 61
0.000117 2
0.000130 59
0.000116 2
0.000128 63
0.000116 2
0.000129 64
0.000115 2
0.000125 62
0.000176 2
0.000137 67
0.000115 2
0.000126 59
0.000114 2
0.000123 38
0.000804 2
0.001126 71
4.049512 67
46.154399 1
0.102972 1
0.075850 1
0.202334 1
1.465777 4
0.141619 1
0.237645 1
0.233187 9
0.730915 11
0.002487 47
0.000893 69
0.000079 19
0.000122 1446
24.799976 33
0.171954 1
0.073660 1
0.110395 33
0.013691 83
0.007704 8
0.000260 63
0.797585 1
0.229863 1
0.134647 1
0.132360 1
0.154824 17
