0.077911 108
0.025280 150
0.000187 7
0.000840 8
34.564857 20
0.000595 71
0.114082 23
0.130426 42
0.090833 53
0.186959 6
1.096723 121
0.483344 31
0.129786 31
0.469397 31
0.213874 31
0.393301 31
0.303871 31
0.097508 95
0.638337 1
17.597219 1
4.058225 1
0.227121 1
0.285289 1
0.092214 1
0.316114 1
0.275489 1
2.515283 1
0.077889 1
1.412510 1
4.159100 7
0.004136 8
0.000150 1
0.000196 2
0.007901 35
2.058192 2
0.145572 82
0.000135 28
0.017243 150
0.000313 7
0.000829 8
98.129698 20
0.002159 69
0.398427 144
0.184976 42
0.220741 31
0.380943 31
0.123272 71
0.573610 7
0.001995 11
0.003069 117
0.000133 2
0.000483 82
0.000130 28
0.024889 150
0.000232 7
0.001256 8
97.211653 20
0.002329 73
0.441293 23
0.131338 42
0.082391 53
0.102544 6
0.908340 133
0.000702 37
0.347413 83
0.073736 31
0.253798 31
0.730920 31
0.093714 31
0.241309 83
0.103769 1
7.105932 11
0.129652 18
0.175748 1
0.379441 11
0.461373 18
1.764511 1
3.376821 1
0.434233 1
0.199625 1
0.300535 1
0.098849 1
0.402740 1
0.096483 1
0.813805 1
0.051614 1
2.556826 1
15.971126 1
0.749563 9
0.300714 15
0.150526 15
0.204694 15
0.150085 15
0.104298 15
0.179325 15
0.187877 15
0.280867 15
0.191388 15
0.220427 15
0.771103 61
0.071223 1
1.968106 7
0.029648 8
0.000416 1
0.000532 2
0.097897 108
0.000126 2
0.017276 150
0.000159 7
0.000953 8
2.091085 92
0.086856 158
0.226523 7
0.010208 11
0.008123 117
0.000186 2
0.001405 82
0.000823 26
0.000886 2
0.063084 150
0.000791 7
0.001870 8
37.249044 20
0.000679 55
0.419772 31
0.147486 42
0.646656 31
0.512958 31
0.103067 71
0.132856 1
0.212340 1
0.870772 1
0.116773 1
0.339795 1
0.064464 1
0.180559 1
0.125077 1
0.938065 1
0.096830 1
0.865993 1
0.679627 7
0.002780 11
0.002140 8
0.000164 30
0.000126 2
0.000427 82
0.000096 26
0.000102 2
0.017123 150
0.000151 7
0.000861 8
5.349594 27
0.627013 3
0.000582 26
0.512657 10
0.002418 28
0.028957 17
0.003270 30
0.012673 24
0.000650 32
0.036814 31
0.000567 34
0.022898 38
0.000567 36
0.029430 45
0.000571 38
0.030512 48
0.000662 36
0.028995 54
0.000588 37
0.028887 61
0.000523 39
0.030051 65
0.000525 40
0.031368 143
0.000522 41
1.753846 71
0.112487 6
1.273187 72
0.780145 15
0.074657 15
0.204302 15
0.151016 15
0.112584 15
0.141617 15
0.119895 15
0.324791 15
0.116427 15
0.253407 15
0.720805 61
0.046628 1
0.219700 7
0.003199 8
0.000127 1
0.000146 2
0.002913 146
0.000280 82
0.000195 26
0.000465 2
0.060133 109
0.000238 2
0.000468 36
0.000135 3
0.000362 7
0.002475 8
53.022726 151
0.032002 151
0.028869 151
0.031635 151
0.032021 151
0.045434 151
631.546075 20
0.001035 81
0.113696 216
0.761043 42
0.068037 31
0.108240 59
0.097899 1
2.965846 1
0.153212 1
0.651534 1
2.005725 1
0.708351 9
1.059426 15
0.531736 7
0.014383 8
0.000289 1
0.000201 2
0.004561 82
0.000529 26
0.000373 2
0.055460 109
0.000181 2
0.000091 36
0.000220 3
0.000349 7
0.001785 8
3.700040 30
8.464861 17
0.003188 26
0.151933 14
0.000655 28
0.200381 15
0.000922 30
0.160835 24
0.001224 32
0.192796 31
0.002780 34
0.255504 38
0.000751 36
7.696194 43
0.003227 38
0.190047 107
0.002373 36
0.137101 85
0.000784 37
0.163668 103
0.000828 39
0.171923 98
0.000797 61
0.172368 83
0.907508 9
0.002548 53
0.073050 35
0.234614 42
0.243073 31
0.100396 59
0.083232 6
1.148705 6
0.111999 6
0.210629 6
0.056293 6
1.297036 34
0.276908 1
0.734365 3
0.257467 1
0.106516 1
0.236571 1
0.991417 3
0.152328 3
0.131766 3
0.301342 3
0.005507 34
0.834879 34
0.073048 1
0.189348 1
0.350896 1
0.531631 7
0.013100 8
0.000397 1
0.000250 2
0.010142 110
0.051277 109
0.000409 2
0.000125 36
0.000168 3
0.000572 7
0.002162 8
1.670195 20
0.000598 61
0.079919 31
0.751897 42
0.059825 31
0.280000 59
0.120347 6
2.223460 6
0.190907 6
0.387108 27
0.358262 1
0.454156 1
1.242519 9
0.865866 15
8.508267 15
0.103464 15
0.186891 15
1.106473 15
0.897331 15
0.158405 15
0.166397 15
0.242508 15
0.255349 7
0.018062 8
0.000414 1
0.000281 2
0.006023 82
0.000837 28
0.065014 150
0.000121 7
0.001064 8
95.776352 21
0.102897 33
0.127607 45
0.058825 33
0.152520 1
0.490800 1
0.153599 35
0.166947 47
0.147031 35
0.116559 13
0.780176 20
0.000746 92
0.121182 23
0.152992 42
0.097980 53
0.102976 6
0.836170 20
0.306557 31
0.123748 31
0.268500 31
0.362363 234
0.242363 31
0.130772 83
0.136706 1
3.639990 1
0.647653 1
0.091121 1
0.963666 1
0.099719 1
0.173996 1
0.128596 1
0.926387 1
0.072016 1
6.127915 1
146.509834 7
0.003371 11
0.004854 35
2.166347 2
0.049017 88
0.002249 82
0.000124 28
0.017263 150
0.000200 7
0.001234 8
29.173476 52
9.351993 1
0.505526 11
0.096217 18
0.124416 1
1.267193 1
0.343928 1
0.150414 1
0.304652 1
0.086419 1
0.517636 1
0.086411 1
0.880511 1
0.070869 1
0.609092 1
1.076131 7
0.015953 11
0.146353 110
0.016989 150
0.000621 7
0.000507 8
7.715091 20
0.001693 70
0.086195 31
1.192967 42
0.115488 31
0.164568 59
0.140073 6
4.792230 6
0.106027 6
1.091134 6
0.213578 6
2.585901 6
0.725786 77
0.676244 12
0.003063 39
0.174597 14
0.779804 20
0.850182 69
0.358915 15
0.120005 15
0.226168 15
0.175290 15
0.146516 15
0.206692 15
0.571589 15
0.176245 15
0.125341 15
0.233161 15
0.676008 7
0.008199 8
0.000133 1
0.000058 2
0.003200 82
0.000840 28
0.046703 150
0.000559 7
0.002723 8
41.285516 9
0.002231 52
0.137398 35
0.216409 42
0.215249 31
0.109042 59
0.068564 6
1.928779 63
1.591782 7
0.362272 1
0.117778 1
0.242714 1
0.270633 1
0.144931 1
0.344532 1
0.159695 1
0.334885 1
0.146949 1
0.223561 1
0.819478 1
0.502784 1
0.104386 1
0.189708 1
0.083006 1
0.844211 3
0.100469 1
0.177141 1
0.402890 1
0.111518 1
0.103135 1
0.749125 7
0.013154 11
0.005391 7
0.000317 36
0.000579 27
0.000210 2
0.001049 82
0.000349 26
0.000067 2
0.036169 150
0.000165 7
0.001087 8
9.860965 37
0.154352 1
0.505715 1
0.025942 1
0.036403 1
0.023550 1
0.031134 1
0.029816 1
0.029413 1
0.029164 1
0.030486 1
0.036158 1
0.025430 1
0.029578 1
0.030085 1
0.030076 1
0.140337 1
0.202625 1
0.140380 1
0.180417 1
0.328721 1
0.695864 26
0.480215 7
0.014013 8
0.000124 1
0.000048 2
0.005566 82
0.000358 26
0.000236 2
0.064186 109
0.000055 2
0.000024 36
0.000038 3
0.000499 7
0.001919 8
1.899239 20
0.002210 73
0.077672 31
0.925908 42
0.106443 31
0.136313 59
0.148226 6
1.193546 6
0.095200 6
0.512881 6
0.161867 6
0.186036 6
1.248690 14
0.899067 20
1.727274 120
1.746029 15
0.374710 15
0.149950 15
0.188656 15
0.155410 15
0.191454 15
0.386734 15
0.115571 15
0.155586 15
0.762248 7
0.025840 8
0.000351 1
0.000790 2
0.004656 82
0.000928 26
0.000494 2
0.026809 109
0.000162 2
0.000253 36
0.000251 3
0.000347 7
0.001059 8
179.501192 20
0.000760 86
0.074904 246
0.142623 42
0.377645 31
0.006177 31
0.084465 31
0.627073 34
0.874703 34
0.156911 34
0.167697 45
0.154046 34
0.002555 86
0.131530 233
24.592697 11
0.000932 38
0.084974 18
0.155396 7
0.002888 8
0.000120 1
0.000048 2
0.001754 401
0.000201 82
0.000182 26
0.000109 2
0.016853 109
0.000140 2
0.000041 36
0.000222 3
0.000237 7
0.001100 8
72.542724 20
0.000645 86
0.178412 238
0.003278 48
0.104135 25
0.733771 6
3.911930 107
0.440207 1
0.145423 1
0.229489 1
0.102972 1
0.283470 1
0.124334 1
2.096117 1
0.065255 1
1.353604 1
0.532840 1
0.633807 1
0.224909 1
0.169944 1
0.224731 1
0.195936 1
0.213189 1
0.235013 1
0.243550 1
0.978392 1
0.083001 1
0.244621 1
0.234896 1
0.142704 1
0.183471 1
0.179271 7
0.003340 8
0.000036 1
0.000012 2
0.203316 39
1.844057 2
3.853184 39
0.000122 39
1.020530 2
0.008933 78
4.235678 2
3.853551 69
0.002023 110
0.027795 150
0.000453 7
0.002428 8
20.295605 20
0.000968 69
0.304107 31
0.351359 149
0.780994 45
0.002732 47
0.653899 42
0.228508 31
0.619084 31
0.107529 71
0.149855 6
1.218062 83
0.001583 37
0.366777 6
0.174713 6
0.284513 6
0.075064 6
0.276375 6
0.091432 6
0.988098 6
0.107979 6
0.620497 6
0.409371 7
0.004571 8
0.000236 1
0.000177 2
0.002606 25
0.000435 82
0.000251 26
0.000162 2
0.017520 109
0.000149 2
0.000203 36
0.000264 3
0.000271 7
0.001804 8
22.119307 20
0.002361 67
0.152092 132
0.289610 42
0.172986 31
1.370057 31
0.518553 71
0.798715 1
1.331916 1
0.443446 1
0.186589 1
0.203262 1
0.106600 1
0.225360 1
0.099335 1
1.023903 1
0.112120 1
0.444053 1
0.245369 7
0.011772 11
0.025406 71
0.000401 2
0.002230 82
0.000890 26
0.000910 2
0.051370 109
0.000206 2
0.000110 36
0.000201 3
0.000466 7
0.001756 8
65.390801 20
0.002158 78
0.231003 190
0.000895 64
0.233497 251
0.008741 31
0.688692 34
0.167441 31
0.133646 31
0.330423 34
0.162486 34
0.140056 42
0.000754 64
0.242746 42
0.099989 53
0.161273 6
0.761808 211
0.150187 23
0.295673 29
0.098557 31
0.276182 31
0.133149 31
0.728191 31
0.114588 71
1.085227 1
0.327172 1
0.366098 1
0.178591 1
0.191824 1
0.080933 1
0.660426 1
0.100948 1
0.706598 1
0.078272 1
0.379971 1
0.395426 7
0.003189 8
0.000101 1
0.000067 2
0.022561 14
3.395243 23
1.414508 2
0.072954 37
0.000404 2
0.005411 108
0.000065 2
0.039320 157
0.001100 8
2.968265 51
0.163293 24
0.156285 51
0.424941 52
0.752944 7
0.017196 11
0.246533 1
0.000215 38
1.819025 2
0.371443 93
0.000793 291
0.001685 79
0.110178 2
3.947118 1
0.126239 1
0.094608 2
0.004491 200
0.000651 2
49.597152 2
0.079038 2
0.892850 3
0.149514 3
0.483724 1
0.083605 1
6.968534 1
0.430448 1
0.162141 1
0.129128 1
0.259310 1
0.159186 4
1.570034 1
0.094768 1
0.108830 2
0.006409 15
0.000356 2
2.784789 1
0.070073 1
0.089387 1
0.597468 1
0.303516 1
0.117817 1
0.176914 1
0.197408 1
0.124198 1
0.266350 1
0.102006 1
0.315292 1
0.146800 1
0.209388 1
0.672473 1
0.073366 1
0.240790 4
1.398706 1
0.129694 1
0.079891 2
0.001247 249
0.000131 2
2.160104 1
0.084158 1
0.103697 1
0.411168 1
0.407964 1
0.113832 1
0.204966 1
0.142996 1
0.134961 1
0.267851 1
0.185233 1
0.242318 1
0.160020 1
0.172497 1
0.317904 4
1.542821 1
0.118880 1
0.102345 2
0.005145 41
0.001243 2
3.374391 1
0.081214 1
0.065900 1
0.195934 1
0.801825 1
0.094320 1
0.202235 1
0.131921 1
0.265411 1
0.410665 1
0.141047 1
0.095964 1
0.406956 2
0.158615 8
0.000153 47
0.000374 26
0.000187 7
0.000612 48
0.000294 18
0.009486 83
0.001140 2468
0.016474 100
0.000043 71
0.000500 156
0.001283 2047
0.000487 499
1.004617 179
1.002441 59
1.506461 38
0.100122 47
0.495711 46
0.304667 1
0.078252 1
0.355643 106
3.176615 45
0.603960 22
0.103910 55
0.640432 22
0.101574 55
0.454872 22
0.100020 55
0.334875 22
0.100480 54
0.541841 45
0.857382 1
0.197412 108
1.250566 45
1.092111 1
0.230482 1
0.335476 120
0.002098 2
33.431914 1
0.112557 1
0.256340 1
0.107070 1
0.206951 2
0.003098 39
0.001204 110
0.035129 150
0.000266 7
0.001886 8
53.229986 21
0.071923 33
0.105068 7
0.001874 11
0.134509 25
0.012483 108
0.000192 2
0.025844 109
0.000162 2
0.000087 36
0.000171 3
0.000340 7
0.001181 8
1.378817 11
0.000623 38
0.146084 18
0.412875 20
0.003088 38
0.072630 18
0.147704 7
0.013312 8
0.001169 1
0.000927 2
0.009742 401
0.000381 82
0.001485 26
0.000083 2
0.064445 150
0.000174 7
0.001257 8
3.507033 20
0.003325 82
0.028360 214
0.003049 59
0.215340 6
0.828009 187
0.002176 39
0.371935 20
0.295406 105
0.241054 17
0.001134 7
0.010563 8
0.000442 1
0.000254 2
0.000848 82
0.000530 38
0.000231 2
0.046978 121
0.000195 2
0.000117 36
0.000187 3
0.000353 7
0.001670 8
1.034533 11
0.002801 38
0.093081 18
0.108660 7
0.010214 8
0.000130 1
0.000070 2
0.007595 57
0.000720 82
0.000618 38
0.000507 2
0.040101 121
0.000205 2
0.000075 36
0.000164 3
0.000257 7
0.001057 8
1.384863 20
0.816289 13
0.109479 20
0.002614 63
0.050323 108
0.213244 35
0.298743 1
0.640615 9
0.085372 15
0.157880 15
0.114562 19
0.689835 25
0.204381 15
0.191752 15
0.360771 15
0.116821 15
0.118777 15
0.361805 7
0.012633 8
0.000481 1
0.000437 2
0.005407 82
0.000728 38
0.000521 2
0.034515 121
0.000139 2
0.000037 36
0.000059 3
0.000210 7
0.000927 8
3.219454 20
0.000596 51
0.116892 23
0.203027 42
0.130754 47
6.259555 51
0.000750 26
0.194203 49
0.001625 28
0.149083 43
0.000787 51
0.160360 34
0.834166 20
0.002142 61
0.091024 96
0.002094 60
0.770166 42
0.067494 31
0.120037 59
0.092801 6
2.385218 6
0.139220 6
0.761624 6
0.423843 149
0.912129 9
0.963300 15
0.471905 15
0.534954 15
0.136874 15
0.357737 15
0.130125 15
0.139120 15
0.240306 15
0.247220 15
0.356710 15
0.142806 15
0.220607 15
0.386622 7
0.016250 8
0.000371 1
0.000263 2
0.006768 82
0.000810 38
0.000488 2
0.034258 121
0.000175 2
0.000076 36
0.000155 3
0.000282 7
0.001053 8
0.499063 41
0.519437 1
0.725796 4
0.601769 17
0.002118 26
0.482274 24
0.000599 28
0.044065 31
0.000678 30
0.028406 38
0.001657 32
0.023032 45
0.001635 34
0.027671 52
0.001450 36
0.027242 59
0.000589 38
0.024248 62
0.000557 36
0.030952 68
0.000611 37
0.202697 75
0.002717 39
0.159356 81
0.000654 40
0.490378 78
0.012087 11
0.005730 82
0.000358 40
0.060945 162
0.000522 7
0