0.013996 8
0.000221 63
2.710713 1
0.112127 1
0.139709 11
0.008578 155
0.000357 2
0.000866 135
0.000429 2
0.000454 115
0.002105 2
0.001689 71
19.351527 1
0.117451 1
0.518386 1
0.086467 1
0.149842 1
1.147578 1
0.128043 1
0.369458 1
0.139869 1
0.581178 4
0.412685 1
0.097542 1
0.626635 4
0.118720 4
0.619594 1
0.109039 1
0.872155 1
0.224530 1
0.141754 1
0.123768 1
2.434768 1
0.488036 1
0.091661 1
0.431561 1
0.073973 1
0.183009 1
0.085705 1
0.813409 1
0.071341 1
0.749016 1
1.457099 11
0.065295 71
5.388392 1
0.441207 1
0.160174 1
0.224606 1
0.397200 1
0.147728 1
0.125203 11
0.008135 98
0.000298 2
0.002463 71
23.829906 1
0.083532 1
0.256200 1
0.454697 4
0.353819 1
0.186185 1
0.146537 1
0.135443 1
0.128372 1
1.174881 1
0.366108 1
0.168826 1
0.241374 1
0.077237 1
0.189143 1
0.073036 1
0.147882 1
0.362249 4
0.538498 1
0.071213 1
0.300965 1
0.516473 4
0.106831 1
0.653099 11
0.000915 8
0.000079 30
0.000119 2
0.000340 71
4.074710 17
0.416704 4
0.495358 4
0.051284 4
0.045170 4
0.050761 4
0.052714 4
0.143761 4
0.175332 4
0.156989 4
0.157472 4
0.929883 1
0.073675 1
0.269477 11
0.001346 103
0.000092 2
0.000381 71
11.441600 1
0.109077 1
0.151383 1
0.135396 1
0.104572 1
1.703145 1
0.803282 1
0.144069 1
0.249035 1
5.320495 1
0.109039 1
0.181669 1
0.122971 1
0.967151 1
1.139387 1
0.243122 1
0.237646 1
0.436465 1
0.437127 1
1.391747 1
0.428332 1
0.162612 1
0.700711 1
0.658260 4
0.148474 4
0.462452 1
0.256006 1
0.124247 1
0.235322 1
0.113721 1
0.130511 1
0.345946 4
1.275690 1
0.050095 1
0.400774 1
1.515683 1
2.705362 1
0.069613 1
0.874858 11
0.070394 71
2.253614 1
0.341771 1
0.283875 1
0.222987 1
0.412639 1
0.133545 1
0.150975 1
0.730636 1
0.094308 1
0.213275 11
0.002234 114
0.000096 2
0.000439 71
50.826017 215
31.433188 1
0.066674 1
1.163762 1
0.072145 1
0.158823 1
0.206269 1
11.532177 1
0.144045 1
0.317909 1
1.544210 1
0.512370 1
1.311426 1
0.366629 11
0.000449 26
0.000139 2
0.000509 71
2.359291 14
0.607897 1
0.500416 1
0.052261 1
0.052165 1
0.056034 1
0.054064 1
0.047287 1
0.205125 1
0.187825 1
0.149010 1
0.142524 1
0.134471 1
0.218073 1
0.333801 3
0.447932 5
0.158579 5
0.142470 1
0.124647 1
0.372907 11
0.000879 71
3.571472 1
0.108386 1
0.208474 1
0.396528 1
0.109787 1
0.103101 1
1.513634 1
0.361492 1
0.176592 1
0.309872 1
0.138055 11
0.001211 71
2.303012 1
0.111392 1
0.836108 1
0.364116 1
0.752089 1
0.119082 1
1.798675 1
0.126357 1
0.511770 1
0.323367 1
1.218092 1
0.512607 1
0.836058 1
1.620469 1
0.088771 1
0.165740 1
0.185167 1
0.193987 11
0.001315 71
3.385171 1
0.092558 1
0.127754 1
0.105978 1
0.093950 1
0.603098 1
0.140705 1
0.135653 1
0.230532 1
0.325769 1
0.212381 1
0.148655 1
2.060055 1
0.553179 1
0.335612 1
0.143927 1
0.313252 1
0.089209 1
0.320923 1
0.146135 1
0.898229 1
0.054219 1
0.575728 1
1.991555 1
0.440328 1
0.594446 1
0.721822 1
1.009536 1
0.333185 1
0.114947 1
0.420972 1
0.032608 1
0.242214 1
0.117075 1
0.724262 1
0.057817 1
0.493742 1
0.204912 11
2.087993 71
5.418748 1
0.164461 1
0.216015 1
0.196842 1
0.277985 4
0.193446 1
0.111552 1
0.760938 1
0.155887 1
0.227835 1
0.166427 1
0.252333 1
0.418509 1
0.240323 1
2.485163 1
1.414196 1
0.501858 1
0.142735 1
0.330976 1
0.044057 1
0.262124 1
0.130036 1
0.885176 1
0.055232 1
0.550260 1
0.133336 11
0.013443 4
0.000205 2
0.000395 26
0.000178 1
0.000252 2
0.001074 71
1.961542 23
0.153632 1
0.504351 1
0.051336 1
0.055498 1
0.056240 1
0.049944 1
0.051076 1
0.216601 1
0.175883 1
0.174005 1
0.163328 1
0.299681 1
0.588665 5
0.989174 11
0.013473 14
3.442159 2
0.000141 21
1.430275 2
0.060443 37
0.000133 2
0.001479 71
55.024812 1
0.055492 1
0.720849 1
0.060456 1
0.129102 1
0.107077 1
2.317097 1
0.125695 1
0.721540 1
0.120324 1
1.139283 1
0.568649 1
0.433855 1
0.805282 1
0.311644 1
0.101111 1
0.227208 1
0.143128 1
0.103063 1
0.246740 1
0.156908 1
0.326162 1
0.158121 1
0.401228 1
0.618227 4
0.496069 4
0.061850 4
0.212552 4
0.175960 4
0.177409 4
0.193325 4
0.176191 4
0.173096 4
0.221682 4
0.185731 4
0.838081 1
0.085666 1
0.222501 11
0.001326 7
0.000127 27
0.000216 27
0.000102 2
0.000529 71
5.051395 15
0.604426 4
0.184119 4
0.519437 1
0.427793 1
0.149552 1
0.208912 1
0.278225 1
0.136813 1
0.155942 1
0.140988 1
0.279572 1
0.121415 1
0.208207 1
0.369172 11
0.000967 71
5.267881 1
0.134204 1
0.222853 1
0.200907 1
0.098023 1
0.102276 1
1.875244 1
0.305933 1
0.110683 1
0.205178 1
0.143385 1
0.128176 1
0.120646 1
0.134560 1
0.273794 1
0.141632 1
0.989062 1
0.691616 1
1.633761 1
0.130254 1
0.210746 1
0.153117 1
0.263778 1
0.149843 1
0.188856 1
0.123522 1
0.123212 1
0.432165 1
0.099920 1
0.121483 1
0.367195 11
0.002021 71
4.681815 1
0.177409 1
0.703791 1
0.093459 1
0.147843 1
0.105841 1
1.539845 1
0.226952 1
0.487348 1
0.164481 1
1.251695 1
0.508617 1
0.311653 1
0.863976 1
0.309346 1
0.154683 1
0.183739 1
0.173104 1
0.116476 1
0.192703 1
0.133663 1
0.281188 1
0.133301 1
0.223992 1
3.283323 1
0.870276 1
0.166662 1
0.319329 1
0.155314 1
0.538974 1
0.112496 1
0.191526 1
0.108907 1
0.122968 1
0.666776 1
0.181386 1
0.066040 1
0.491095 11
0.004445 71
4.648105 1
0.153212 1
0.160680 1
0.096935 1
1.866455 1
0.375407 1
0.149357 1
0.223200 1
0.079423 1
0.297609 1
0.146335 1
0.687819 1
0.072946 1
0.266570 1
1.046116 1
0.792835 1
0.148357 1
0.136221 1
0.233807 1
0.420052 1
0.158947 1
0.226058 1
0.244262 1
0.978358 1
0.039478 1
0.258454 1
0.266402 1
0.170175 1
0.174572 1
1.409993 11
0.028797 64
0.000094 2
0.001451 71
2.180943 29
0.294129 4
0.473981 1
0.172978 11
0.037342 1
0.000188 229
2.366933 1
0.120506 1
0.218563 1
0.195915 2
0.001359 82
0.011201 1
0.000197 38
2.980748 2
0.436009 72
0.000233 2
0.000421 2
0.000335 73
0.000210 2
0.000214 66
0.000341 2
0.000221 47
0.000216 2
0.000198 2
0.000203 65
0.000201 2
0.000202 28
0.000198 2
0.000501 77
0.000314 2
0.013711 2
0.001301 81
0.001502 100
0.004092 32
5.140350 1
0.100273 1
0.144556 11
0.001304 62
0.000171 1
0.000306 42
0.000355 2
0.000212 26
0.000224 1
0.000205 20
0.000225 1
0.000244 6
0.000194 1
0.000206 29
0.000181 2
0.000427 32
22.496043 1
0.081031 1
0.095973 1
4.430468 1
0.115246 1
0.134980 1
0.120627 1
0.146287 47
1.067347 1
0.105740 1
0.065780 11
0.001197 2
0.000173 2
0.000452 36
1.127353 1
0.091936 1
0.068185 1
0.507130 1
0.148561 1
0.237315 50
0.790310 1
0.091720 1
0.101043 11
0.001664 20
0.000222 1
0.000718 5
0.000331 1
0.000267 8
0.000263 1
0.000263 1
0.000197 44
0.000216 2
0.000214 4
0.000167 1
0.000413 12
0.000170 1
0.000282 3
0.000218 1
0.000209 21
0.000253 1
0.000156 9
0.000301 1
0.000201 27
0.000225 2
0.000227 22
0.000143 1
0.000173 30
0.000151 1
0.000166 12
0.000136 1
0.000163 11
0.000368 2
0.000818 39
1.474538 1
0.053716 1
0.073308 1
0.191274 1
0.703559 11
0.691642 62
0.677347 1
0.093970 1
0.108944 11
0.001698 12
0.000277 2
0.000611 51
2.902006 1
0.183027 1
0.244976 1
0.452511 4
0.198873 1
0.645934 1
0.114376 1
0.187951 1
0.137149 1
0.982501 1
0.079583 1
0.164622 1
0.088806 1
0.107641 1
0.724938 1
0.128517 1
0.097721 1
0.460282 11
0.029220 47
0.000649 71
0.000522 28
0.000869 1981
0.001232 1984
0.000605 12
0.980466 87
1.002300 12
1.459646 15
1.334557 1
0.858402 31
0.249043 1
0.256842 141
1.919600 1
0.119827 1
1.064571 4
0.139338 4
0.144615 1
9.366298 1
1.483511 4
0.132380 1
46.651507 1
0.152257 1
1.258701 1
0.550793 4
1.956352 1
1.041407 4
0.142347 4
0.154596 4
0.154553 1
14.469545 1
0.290311 1
0.258803 1
0.098836 1
1.139989 4
0.138921 4
0.161145 4
0.158154 4
6.986383 1
0.109041 1
0.876819 1
0.100335 1
0.126416 1
0.117056 1
1.162798 1
0.610597 1
0.686866 1
0.148383 1
0.155077 1
0.806421 9
0.203151 7
0.267810 7
0.736235 7
0.262433 11
0.001142 7
0.000163 33
0.000314 27
0.000133 2
0.000527 51
4.367326 1
0.073605 1
0.196820 1
0.521649 1
0.130731 1
0.546254 50
1.678942 1
0.149297 1
0.185040 1
0.096326 1
0.491360 11
0.000834 6
0.000546 2
0.006639 39
0.005448 71
1.796308 1
0.091878 1
0.701150 1
0.071154 1
0.130618 1
0.085476 1
1.617687 1
0.143424 1
0.181800 1
0.160858 1
0.994139 1
0.235451 1
0.182967 11
0.001004 71
1.222308 1
0.419367 1
0.552142 1
0.111610 1
0.533207 17
