0.028401 8
0.000148 79
2.021569 16
0.167071 21
0.469913 12
0.484735 18
0.549569 14
0.262137 15
0.208298 18
0.868965 11
0.002293 47
0.001222 82
0.000829 847
0.000122 107
2.138277 1425
0.765817 23
0.534737 1
0.084295 1
0.181420 36
0.008402 82
0.000017 87
0.557475 16
0.148159 21
0.581390 12
0.559200 18
0.313103 14
0.175330 15
0.160332 18
0.145202 19
0.106116 1
0.652377 16
0.727186 1
0.167559 1
0.147705 1
0.156159 1
0.144534 1
0.754931 3
0.260600 13
0.374391 9
0.289119 11
0.002699 47
0.005884 72
0.000420 18
0.000492 1555
1.181139 33
0.577926 1
0.060908 1
0.117409 36
0.016862 26
0.001220 2
0.000079 2
0.000067 23
0.000077 29
0.004258 87
9.217202 1
0.154804 1
0.119973 1
0.203626 1
0.616369 1
0.136376 1
0.338412 1
0.336337 1
0.139386 1
0.361574 1
0.073980 1
0.214703 1
0.433686 1
0.196985 1
0.510133 1
0.171193 1
0.101242 1
0.846804 11
0.001620 6
0.000061 2
0.000041 6
0.000039 2
0.000038 8
0.000039 2
0.000039 7
0.000038 2
0.000037 10
0.000038 2
0.000038 8
0.000037 2
0.000038 7
0.000038 2
0.000037 5
0.000038 2
0.000357 87
11.929610 1
0.216624 1
0.805400 4
0.220747 1
0.180717 1
0.407373 11
0.818963 1
0.135941 1
0.216864 1
0.154873 1
0.109328 1
0.276354 1
0.154428 1
0.243926 1
0.084544 1
0.880802 13
2.554959 87
11.229577 1
0.166986 1
0.119583 1
1.734636 1
0.470984 1
0.283379 1
0.393804 1
1.180603 4
0.237800 1
1.650165 1
0.880855 1
0.488552 1
0.225760 1
0.566547 1
0.362786 1
0.528691 1
0.435324 1
0.679866 1
2.151157 1
0.176521 1
0.173241 1
1.492297 7
2.067031 1
0.157393 1
0.167691 1
0.147159 1
0.140451 1
0.120392 1
0.230550 1
0.347398 1
0.728794 5
0.231947 3
0.187920 3
0.182656 3
0.318850 3
0.155873 3
0.138785 3
0.123860 3
0.164641 3
0.149361 3
0.526277 3
0.483825 3
0.682520 11
1.118449 1
0.150010 1
0.330639 1
0.223655 1
1.675857 2
0.932503 6
0.175263 3
0.877021 1
0.195675 8
4.438118 87
8.672639 1
0.097399 1
0.126247 1
0.081854 1
0.735970 1
0.122392 1
0.322799 1
0.354786 1
0.152466 1
0.432795 1
0.100361 1
0.222299 1
0.761939 1
0.444318 4
0.563871 1
0.239927 1
0.732116 1
0.134793 1
0.100325 1
0.200257 1
0.600498 1
0.116273 1
2.759261 1
0.164557 1
0.333448 1
0.226633 1
0.141790 1
0.460913 1
0.136410 1
0.247233 1
0.771946 1
0.229849 1
0.414299 1
0.103982 1
0.261209 1
0.391413 1
0.198780 1
0.177705 1
0.105440 1
0.713282 11
0.002397 87
9.272825 1
0.072595 1
0.110408 1
0.114969 1
0.764042 1
0.129252 1
0.522565 1
0.122655 1
0.098023 1
0.427332 4
1.297094 1
0.274567 1
0.584995 1
0.136575 7
0.339270 11
0.000804 6
0.000032 2
0.000022 6
0.000021 2
0.000021 8
0.000021 2
0.000021 7
0.000020 2
0.000021 10
0.000020 2
0.000021 8
0.000020 2
0.000021 7
0.000028 2
0.000019 5
0.000020 2
0.000227 87
19.425850 1
0.123066 1
0.130070 1
0.146166 1
0.127907 1
3.356633 1
0.161318 1
0.432288 1
0.113301 1
0.160169 5
0.745018 1
0.174023 1
0.599184 1
0.129461 1
0.323747 1
0.300648 1
0.826254 1
0.194134 1
0.438776 7
0.782383 1
0.206636 1
0.467771 1
0.241374 7
2.338665 11
0.023606 87
38.592976 1
0.116588 1
0.116794 1
0.675879 1
0.320848 1
0.131918 1
2.132603 1
0.127904 1
0.210067 1
0.000545 6
0.867226 1
0.533080 1
0.326630 11
0.006345 52
0.000147 2
0.000126 48
0.000094 2
0.000841 87
31.636122 1
0.113075 1
0.098981 1
0.181241 1
0.600522 1
0.119884 1
0.259731 1
0.032167 1
0.657497 1
0.223600 4
0.678679 1
0.224784 1
0.579806 1
0.121179 1
0.138408 1
0.244118 1
0.813505 1
0.116318 1
0.216624 1
4.675879 1
0.115739 1
0.280698 1
0.155973 1
0.113640 1
0.255766 4
0.653252 1
0.387321 1
0.688275 1
0.090869 1
0.266764 1
0.624150 1
0.132947 1
0.166713 1
0.105542 1
2.243191 11
0.007474 87
1.169760 1
0.073088 1
0.119984 1
0.073446 1
0.593355 1
0.097361 1
0.260748 1
0.087329 1
0.141700 1
0.778269 4
0.768094 1
0.223038 1
0.708987 1
0.172613 7
0.275943 11
0.004288 6
0.000166 2
0.000102 6
0.000092 2
0.000091 8
0.000278 2
0.000091 7
0.000087 2
0.000189 10
0.000161 2
0.000154 8
0.000143 2
0.000146 7
0.000239 2
0.000163 5
0.000156 2
0.000149 8
0.000163 2
0.000153 7
0.000152 2
0.000159 10
0.000153 2
0.001052 5
0.000278 2
0.000278 8
0.000361 2
0.000269 12
0.000164 2
0.002515 8
0.000132 79
213.080043 1
1.348137 4
65.522479 1
0.182408 1
0.130538 1
0.131506 1
0.545601 1
0.297604 1
0.100492 1
0.213004 1
0.153627 1
0.102734 1
0.179371 1
0.130792 1
0.325369 1
0.136813 1
0.187143 1
0.855893 1
0.077810 1
1.239899 1
0.740378 1
0.208889 1
0.170462 1
0.206814 1
0.219704 1
0.189699 1
0.193786 1
0.243580 1
12.464136 1
0.082436 1
0.236230 1
1.110437 1
0.145162 1
0.156741 1
0.247520 11
0.153439 1
0.000100 41
2.120578 2
0.154277 443
0.145724 82
0.000246 26
0.025425 150
0.000364 7
0.001155 8
247.538978 20
0.002549 61
0.054733 31
0.077616 35
0.101346 6
1.909087 68
0.111851 1
1.919864 9
0.254482 15
0.625856 15
1.145609 15
0.472542 25
0.307639 1
0.108508 1
0.364975 1
2.009624 1
0.157347 1
0.084829 1
3.712943 7
0.015084 8
0.000224 3
1.307396 1
0.150215 1
0.186656 1
0.129715 1
0.145509 1
0.219292 1
0.199130 1
0.573795 1
0.908926 3
0.218377 1
0.080311 1
0.798707 3
0.125848 1
1.936181 2
1.152245 108
0.001819 2
0.068215 109
0.000227 38
0.000640 3
0.000798 7
0.002890 8
7.393025 11
0.001509 38
0.114218 18
0.657445 1
0.000843 30
0.247933 11
0.182321 18
0.124119 6
0.003216 40
1.768366 14
0.707086 78
0.816276 15
0.279981 15
0.394681 15
0.301711 15
0.063893 15
0.342539 15
0.414990 15
0.141693 15
0.074322 15
0.451456 7
0.015986 11
0.002227 70
0.000157 82
0.000149 26
0.000037 2
0.020002 150
0.000176 7
0.001502 8
10.347654 20
0.000986 66
0.081587 31
0.086215 35
0.102698 6
1.110019 91
0.137722 15
0.488701 15
0.120014 15
0.213674 15
0.257701 15
0.086356 15
0.312951 15
0.378248 15
0.142426 15
0.067171 15
1.327257 7
0.003948 11
0.001560 11
0.000126 82
0.000163 26
0.000144 2
0.017519 147
0.000139 3
0.000337 7
0.001016 8
47.386597 9
0.002262 38
0.077825 29
0.196753 1
0.750394 11
2.724764 18
1.002373 18
1.081778 18
0.165628 18
0.213702 18
0.400742 18
1.032531 1
0.199547 11
0.771558 18
0.757595 18
0.242815 18
0.396364 18
0.869842 18
0.769175 18
1.044328 1
0.341860 19
0.177850 1
0.965208 9
0.928779 7
0.391283 1
0.101149 1
0.193679 1
0.127054 1
0.169464 1
0.366188 1
0.077259 1
0.535989 1
8.281960 7
0.023114 11
1.955291 1
0.120810 1
0.366672 1
0.096188 1
0.118073 1
0.664872 1
0.194162 1
0.107107 1
0.172642 1
0.088245 1
0.396142 1
0.101530 1
0.241216 1
0.308671 1
0.194423 2
1.219011 1
0.118752 1
0.181758 1
0.128416 1
0.083466 1
0.182107 1
0.509026 1
0.330404 1
0.228860 1
0.562342 2
1.670539 2
1.024920 6
0.841872 110
0.041146 157
0.001201 8
4.193183 11
0.000794 57
0.126413 18
0.198820 6
0.208704 11
0.151282 18
0.108770 6
2.492201 14
0.188992 78
0.916500 15
0.095195 15
0.160040 15
0.145232 15
0.178974 15
0.418007 15
0.103310 15
0.074563 15
0.764210 7
0.004502 11
0.002846 179
0.039607 109
0.000129 41
0.000641 7
0.001108 8
1.977710 44
0.162374 1
0.499875 1
0.030181 1
0.031060 1
0.029733 1
0.036626 1
0.028738 1
0.025572 1
0.029700 1
0.029157 1
0.030904 1
0.029478 1
0.514404 4
0.551888 27
0.128442 15
0.188445 14
0.113745 27
0.154205 15
0.737715 84
0.120289 95
0.157166 99
2.904689 7
0.008664 11
0.003555 27
0.001218 108
0.000444 2
0.020596 157
0.001164 8
85.417383 20
0.002959 63
0.067390 31
0.133922 35
0.103254 6
0.942672 72
0.164638 7
0.316506 1
0.415902 1
0.179120 1
0.898690 1
0.112488 1
0.252177 1
1.016175 1
0.299688 1
0.657856 1
0.111290 1
0.091181 1
0.491806 7
0.003058 11
0.001547 47
0.000427 108
0.000160 2
0.017109 157
0.002097 8
13.476953 27
0.178574 1
0.505361 1
0.026848 1
0.035175 1
0.021031 1
0.030323 1
0.026685 1
0.029444 1
0.030285 1
0.029963 1
0.036441 1
0.337861 1
0.199311 1
0.829827 37
0.500518 19
0.269758 7
0.003518 11
0.000724 47
0.000314 82
0.000207 26
0.000190 2
0.019469 147
0.000054 3
0.000301 7
0.001097 8
91.885781 20
0.000657 61
0.081864 23
0.080478 25
0.128562 6
0.962429 63
0.092865 7
0.349028 1
0.141122 1
0.150002 1
0.775515 1
0.054612 1
0.185334 1
0.753245 1
0.135622 1
0.706899 1
0.095196 1
0.113735 1
0.483169 7
0.002088 11
0.139694 55
0.000052 33
0.001365 59
0.009542 69
0.000140 14
0.000930 1946
0.000509 171
0.000179 156
0.001215 2017
1.407863 104
4.550528 30
0.163370 28
0.161735 28
0.230568 28
0.350404 28
0.147786 28
0.330274 38
1.445138 28
0.162669 28
0.282920 28
0.151381 28
0.595387 36
0.210395 28
0.181696 28
0.274003 28
0.319355 38
1.778661 28
0.132915 28
0.308759 28
0.146550 28
0.343286 28
0.318743 28
0.294467 28
0.098468 28
0.368535 38
1.587694 28
0.158776 28
0.357656 28
0.147767 28
0.196041 28
0.127914 28
0.109176 28
0.134797 38
1.631558 28
0.156223 28
0.424970 28
0.427848 28
0.296547 28
0.203048 28
0.135778 28
0.939422 28
0.124260 30
0.131368 29
0.205308 39
1.859499 28
0.481882 28
0.150464 28
0.283647 28
0.144066 28
0.187633 28
0.530759 28
0.337894 28
0.449582 38
2.298760 28
0.269344 28
0.242144 28
0.655973 36
0.268702 28
2.541622 28
0.115788 28
0.164017 28
0.200186 28
0.293421 38
1.659442 29
0.391013 28
0.149982 28
0.741343 28
0.899348 38
0.099389 16
0.000341 31
0.565781 46
0.282873 1
0.085419 1
0.294551 52
0.031034 22
0.003976 70
0.001545 110
0.052432 150
0.000886 7
0.000527 8
11.855727 35
0.163145 118
0.949319 20
0.420107 7
0.014613 11
0.007516 73
0.000070 108
0.001976 2
0.050829 150
0.000283 7
0.000943 8
0.741769 35
0.185797 33
0.409370 118
0.594046 7
0.003014 11
0.001412 73
0.000147 82
0.000393 28
0.024128 157
0.001185 8
59.064003 9
0.000720 69
0.168124 22
0.128643 6
1.570633 235
1.424191 17
0.001879 26
0.483433 52
0.033235 31
0.001364 30
0.032991 38
0.000442 32
0.027164 45
0.001198 34
0.029059 52
0.001478 36
0.024905 59
0.000522 38
0.028438 62
0.000809 36
0.029414 68
0.000893 37
0.028179 65
0.000480 39
0.255334 65
0.000697 40
0.147489 82
0.001239 41
0.695336 90
1.550126 1
0.558817 9
0.119573 15
0.552578 15
0.135172 15
0.130912 15
0.240693 15
0.130815 15
0.199051 15
0.494657 15
0.138381 15
0.766969 15
0.147452 15
0.053663 15
0.410156 7
0.004729 11
0.001846 73
0.000046 82
0.000228 26
0.000313 2
0.023230 157
0.001984 8
24.589786 90
2.885714 1
0.227060 19
0.086618 1
1.798928 9
0.165711 15
0.343546 15
0.132410 15
0.159113 15
0.392659 15
0.070355 15
0.256609 15
0.301487 45
1.807711 50
0.326149 15
0.458041 15
2.742911 15
0.206884 61
0.429749 1
0.091329 1
0.231146 1
0.089161 1
3.629595 1
0.515592 1
0.139939 1
0.110485 1
1.597329 7
0.006109 11
0.004261 108
0.003435 2
0.023118 150
0.000251 7
0.001287 8
6.896956 11
0.003046 56
0.106582 18
3.346820 6
0.835474 11
0.172008 18
0.109094 6
2.016221 72
0.115405 15
0.362323 15
0.189443 15
0.125420 15
0.487667 15
0.084446 15
0.198801 15
1.990673 15
0.304953 15
0.541541 15
0.216505 15
0.109617 15
0.166165 1
2.087325 9
0.136968 15
0.361610 15
0.196034 15
0.146576 15
0.526155 15
0.063342 15
0.256612 15
0.846974 15
0.217448 15
0.869269 15
0.080749 15
0.268503 15
0.166962 15
0.175825 15
0.147071 15
0.841948 15
0.695037 15
0.809579 15
0.161996 15
1.122719 7
0.007667 11
0.002323 149
0.000149 2
0.000579 110
0.018240 150
0.000049 7
0.002444 8
1.489025 20
0.000740 68
0.063912 31
0.279961 35
0.083594 6
1.775589 103
0.002515 41
0.144325 20
0.232137 20
0.104691 20
0.153184 20
0.527680 20
0.055694 20
0.200626 20
1.594038 20
0.159437 20
0.649943 20
0.183157 27
0.598139 15
0.067059 15
0.166897 15
0.090252 15
0.678973 15
0.520025 15
0.123072 15
0.081829 15
0.893152 7
0.003042 11
0.001208 73
0.000126 82
0.000299 28
0.016702 109
0.000127 38
0.000029 3
0.000297 7
0.001069 8
34.595405 20
0.000831 51
0.226978 23
0.140749 42
0.170067 47
0.463746 7
0.012468 11
0.017581 37
0.000023 2
0.001553 87
1.599075 1
0.098314 1
0.195887 1
0.133373 1
0.185505 17
