0.080002 153
0.029080 117
0.000156 2
0.000055 36
0.000079 3
0.000219 7
0.001337 8
95.301924 11
0.001840 38
0.090711 18
0.103934 7
0.002743 8
0.000112 1
0.000029 2
0.001957 45
0.000331 119
0.000135 34
0.000092 2
0.017056 117
0.000039 2
0.000012 36
0.000023 3
0.000135 7
0.000822 8
3.433308 20
0.000491 81
0.068641 23
0.191881 6
0.135179 187
0.000524 26
0.153629 20
0.142460 7
0.017733 11
0.000951 119
0.000510 26
0.000093 2
0.057092 109
0.000106 2
0.000054 36
0.000080 3
0.000419 7
0.002527 8
0.922470 11
0.001466 38
0.069005 18
0.094288 7
0.003022 9
0.000058 2
0.001772 399
0.000395 119
0.000126 26
0.000063 2
0.016085 150
0.000144 7
0.000837 8
0.614434 20
0.000658 53
0.059301 23
0.139955 6
0.604251 21
0.001146 39
0.345829 20
0.128624 105
0.565715 17
0.000795 7
0.005044 11
0.000147 119
0.000076 38
0.000031 2
0.016839 162
0.000166 7
0.000771 8
0.750912 11
0.001838 38
0.065819 18
0.123967 7
0.003350 11
0.001644 57
0.000400 119
0.000123 38
0.000159 2
0.019363 162
0.000234 7
0.000991 8
3.547000 20
0.001724 63
0.071335 23
0.178717 6
0.160965 79
0.002188 26
0.156025 20
0.094983 7
0.007058 8
0.000120 1
0.000042 2
0.000166 119
0.000097 26
0.000074 2
0.017286 150
0.000022 7
0.000846 8
0.755036 20
0.000703 53
0.071434 23
0.200540 6
0.309679 21
0.002128 28
0.242554 20
0.108956 25
0.482891 17
0.000846 7
0.006235 8
0.000037 1
0.000017 2
0.000146 119
0.000080 30
0.000088 2
0.015919 154
0.000852 7
0.000331 8
0.732487 11
0.002221 38
0.084633 18
0.131033 7
0.014372 8
0.000131 1
0.000200 2
0.006631 40
0.000420 119
0.000126 30
0.000063 2
0.016182 113
0.000038 2
0.000011 36
0.000018 3
0.000169 7
0.000762 8
1.410770 20
0.000748 55
0.062814 23
0.109495 6
2.732136 6
1.066358 17
0.000599 30
0.573676 20
0.499299 3
0.000640 30
0.083981 28
0.002080 28
0.886885 20
0.047220 20
0.191393 7
0.002290 8
0.000085 1
0.000039 2
0.000177 119
0.000088 34
0.000069 2
0.016656 117
0.000112 2
0.000071 36
0.000047 3
0.000148 7
0.001430 8
1.122873 11
0.000231 38
0.105425 18
0.130920 7
0.012879 11
0.002887 11
0.000483 119
0.000100 34
0.000054 2
0.021413 158
0.000081 7
0.000841 8
14.607261 20
0.000515 69
0.816228 144
0.102586 42
0.180628 47
0.696414 1
0.204178 11
0.328431 18
0.137572 1
1.000171 9
0.104001 15
0.174155 15
0.123573 15
0.537224 15
0.369796 15
0.311555 15
0.122196 15
0.089809 15
0.532972 7
0.003060 11
0.009296 44
0.001132 119
0.000515 36
0.058431 158
0.000100 7
0.000917 8
3.237194 11
0.002402 38
0.091159 18
0.077807 7
0.002340 11
0.001437 9
0.000077 2
0.000360 119
0.000084 34
0.000032 2
0.018407 158
0.000234 7
0.000928 8
10.111756 12
0.475172 57
0.679094 1
0.180871 1
0.157189 1
0.141577 1
0.129077 1
0.145630 1
0.249456 1
0.232571 1
0.107484 1
0.155526 1
0.643102 4
0.299281 109
0.177436 14
0.154694 106
0.608189 7
0.014527 11
0.008811 155
0.051820 158
0.000358 7
0.001484 8
0.984265 11
0.000734 38
0.096343 18
0.083568 7
0.013664 11
0.005517 30
0.000691 155
0.017254 158
0.000193 7
0.000790 8
75.701698 20
0.000868 55
0.077778 59
0.278630 42
0.461817 45
0.166422 35
0.149343 1
0.769815 1
0.188620 40
0.148009 34
0.000704 55
0.162486 48
6.599582 20
0.003281 55
0.054928 23
0.178435 6
0.148938 28
0.000750 26
0.127704 20
0.197207 7
0.007040 11
0.000273 119
0.000071 30
0.000062 2
0.022412 154
0.000106 7
0.000992 8
1.705924 20
0.000700 53
0.063368 23
1.009483 6
1.640335 15
0.000674 30
0.142414 50
0.000654 53
0.174516 41
0.440794 11
0.002374 38
0.105200 18
0.099121 7
0.002860 8
0.000114 1
0.000048 2
0.002190 40
0.000418 119
0.000253 30
0.000117 2
0.017655 113
0.000144 2
0.000086 36
0.000054 3
0.000176 7
0.001409 8
1.214036 20
0.000599 53
0.091568 23
0.085390 6
0.706342 21
0.000698 28
0.197648 27
0.000706 30
0.207058 20
0.138043 20
0.148722 20
0.164826 7
0.009972 8
0.000395 1
0.000176 2
0.000666 119
0.000380 36
0.000301 2
0.019650 119
0.000909 2
0.000194 36
0.000072 3
0.000498 7
0.000934 8
0.717352 11
0.000668 38
0.114047 18
0.090794 7
0.002580 8
0.000086 1
0.000042 2
0.014195 40
0.000262 119
0.000162 36
0.000094 2
0.017296 119
0.000132 2
0.000089 36
0.000052 3
0.000171 7
0.001613 8
1.558731 20
0.000473 59
0.107879 23
0.119078 6
0.908210 42
0.004162 30
0.068644 34
0.000684 28
0.195369 20
0.107251 20
0.176087 7
0.002591 11
0.000179 119
0.000098 43
0.035689 165
0.000369 7
0.004698 8
0.895425 11
0.000501 38
0.435127 18
0.123837 7
0.002856 11
0.014260 119
0.000171 43
0.017751 165
0.000187 7
0.001004 8
13.444424 20
0.000500 57
0.089390 23
0.223283 6
0.247154 35
0.001046 26
0.128820 20
0.129975 7
0.002287 11
0.000289 155
0.000161 2
0.020218 160
0.001073 7
0.000914 8
1.237601 20
0.000651 53
0.090547 23
0.103116 6
1.164440 21
0.001526 30
0.086369 20
0.217006 20
0.279795 25
0.207378 17
0.001022 7
0.022159 11
0.001163 119
0.000601 41
0.000055 2
0.057593 124
0.000105 2
0.000081 36
0.000051 3
0.000160 7
0.000968 8
0.614968 11
0.001021 38
0.057862 18
0.140675 7
0.002521 8
0.000027 1
0.000012 2
0.001875 119
0.000114 41
0.000044 2
0.016654 124
0.000037 2
0.000012 36
0.000046 3
0.000169 7
0.001022 8
2.102307 11
0.002636 38
0.055457 18
0.129668 7
0.008592 11
0.002316 119
0.000185 43
0.017125 165
0.001062 15
21.232047 11
0.002667 38
0.093603 18
0.087083 7
0.009498 11
0.005051 11
0.000857 119
0.000641 41
0.000276 2
0.065639 165
0.000564 7
0.003252 8
118.827314 20
0.000688 63
0.469237 31
0.108471 42
0.076003 47
0.128167 6
0.946539 63
0.000588 40
0.234122 83
0.125496 1
0.518619 1
0.123113 20
0.002322 40
0.332532 83
0.120301 1
1.786222 9
0.093993 15
0.197626 15
0.086963 15
0.713787 15
0.213990 15
0.506365 15
0.097724 15
0.119264 15
0.422779 7
0.003141 11
0.001934 119
0.000455 43
0.046280 165
0.000159 7
0.000863 8
1.714455 11
0.001737 38
0.051340 18
0.446712 7
0.012559 8
0.000125 1
0.000047 2
0.007002 41
0.001211 119
0.000392 41
0.000222 2
0.055268 124
0.000051 2
0.000023 36
0.000130 3
0.000287 7
0.001716 8
1.188891 1
0.024175 9
1.410500 7
23.464562 20
0.001745 66
0.187398 126
0.130193 42
0.653708 31
0.070834 31
0.090534 71
0.988969 1
0.835758 9
0.149505 15
0.223412 15
0.105288 15
0.353651 31
0.740807 7
0.000395 7
0.006487 11
0.003018 31
0.000145 36
2.854158 2
0.000111 18
0.002443 162
0.075353 165
0.000257 7
0.002787 8
3.808771 37
0.680796 7
0.013053 11
0.009080 31
0.000146 36
1.006399 1
0.107058 2
0.000175 119
0.000170 43
0.017126 165
0.000104 7
0.001636 8
2.760675 20
0.003162 57
0.153036 66
0.230328 35
1.630592 40
0.163468 34
0.002565 57
0.158215 55
52.240358 20
0.001881 234
0.601132 31
0.120542 35
1.954178 823
0.371843 1
0.485425 1
0.051921 1
0.055538 1
0.044232 1
0.056089 1
0.055913 1
0.058104 1
0.037537 1
0.050897 1
0.049507 1
0.049681 1
0.049991 1
0.053643 1
0.052568 1
0.050244 1
0.049981 1
0.051740 1
0.050059 1
0.052513 1
0.055870 1
0.044442 1
0.049831 1
0.050733 1
0.050773 1
0.050341 1
0.050911 1
0.051862 1
0.053141 9
0.045875 1
0.050978 1
0.050506 1
0.050344 1
0.050017 1
0.051116 1
0.050200 1
0.049879 1
0.051040 1
0.052165 1
0.049766 1
0.050129 1
0.050059 1
0.052469 1
0.048876 1
0.051517 1
0.050164 1
0.057492 1
0.048670 1
0.046288 1
0.050362 1
0.056954 1
0.046770 1
0.047887 1
0.051202 1
0.057973 1
0.045017 1
0.050269 1
0.050340 1
0.050711 1
0.049931 1
0.054759 1
0.052420 1
0.047615 1
0.055147 1
0.058230 1
0.038440 1
0.059912 1
0.047748 1
0.050793 1
0.049503 1
0.050615 1
0.050060 1
0.050034 1
0.049608 1
0.050125 1
0.049938 1
0.049782 1
1.502809 4
0.332071 4
1.735858 1
0.429315 78
0.939230 184
0.765700 81
0.877604 3
0.002491 26
0.499494 10
0.002920 28
0.044005 70
0.000597 30
0.036798 38
0.000614 32
0.049502 45
0.000517 34
0.049731 52
0.000741 36
0.048603 59
0.001041 38
0.049087 62
0.000806 36
0.054607 68
0.000771 37
0.053731 75
0.001431 39
0.051280 81
0.000550 40
0.042599 77
0.000923 41
0.048211 77
0.000571 42
0.051187 155
0.000598 43
0.054776 122
0.000541 44
0.050054 128
0.001480 45
0.045542 145
0.000553 46
0.055179 140
0.001774 68
0.044617 125
0.955051 20
0.001760 234
0.071332 31
0.348001 35
0.092558 6
1.530923 24
0.330298 1
0.108008 1
0.844277 1
0.110638 1
0.120130 1
0.223580 1
0.118781 1
0.332670 1
0.117707 1
0.225582 1
0.659754 1
0.078767 1
3.158251 1
0.634671 1
0.168496 1
0.174355 1
0.306676 1
0.663148 1
0.428988 1
0.201213 1
0.319178 1
0.736982 1
0.056162 1
0.268104 1
0.250323 1
0.175261 1
1.041316 1
2.481609 1
6.549127 1
0.719187 1
0.196588 1
0.349172 1
0.308621 1
0.850754 1
1.644681 3
0.171500 3
0.154093 3
0.194900 3
0.137662 3
0.154002 3
0.769541 1
0.651901 1
1.554511 1
0.103263 1
0.113262 1
0.461426 1
1.734856 1
0.161756 1
0.201777 1
0.081550 1
0.172156 1
0.765365 1
0.420432 1
0.095108 1
0.194948 1
0.644454 1
0.144022 1
6.925199 1
0.110936 1
0.177884 1
0.129118 1
1.575165 1
0.236508 1
0.567268 1
0.120421 1
0.126967 1
0.683030 1
1.111078 1
0.131835 1
2.476686 1
0.672995 1
0.066317 1
0.654382 1
0.634397 1
0.312200 1
0.132863 1
0.263514 1
0.752084 1
0.349861 1
0.239272 1
0.300461 1
1.221638 1
0.065933 1
0.285214 1
0.268980 1
0.163300 1
0.188143 1
1.081174 1
2.539706 1
0.807040 1
8.560427 1
0.664601 1
0.298426 7
0.006124 13
0.067589 1
0.000232 30
5.568453 2
9.327136 2
0.000920 252
0.017282 165
0.000023 7
0.001120 8
1.352943 93
0.134332 125
0.921548 64
0.522643 57
1.966186 7
0.003057 11
0.001672 119
0.000118 43
0.016179 162
0.000019 3
0.000121 7
0.001121 8
0.710697 45
0.178505 159
0.472314 7
0.005773 11
0.059520 31
4.129154 2
3.309311 64
0.002388 25
0.015964 162
0.039299 165
0.000172 7
0.000932 8
13.762801 93
0.191178 7
0.007841 11
0.068526 31
4.010382 2
0.391708 1
0.000116 41
2.020750 2
0.188786 117
0.000754 119
0.006902 160
0.000034 2
0.042338 124
0.000035 2
0.000020 36
0.000033 3
0.000176 7
0.001319 8
17.123849 20
0.000854 51
0.168087 23
0.259863 42
0.101532 47
2.089655 51
0.000620 26
0.179721 49
0.000392 28
0.163581 43
0.002220 51
0.151005 34
7.445198 20
0.001546 57
0.038073 23
0.222081 6
0.180347 35
0.000556 26
0.131695 20
0.158097 7
0.012251 8
0.000159 1
0.000369 2
0.000720 119
0.000396 36
0.000395 2
0.067714 119
0.000051 2
0.000036 36
0.000056 3
0.000590 7
0.003726 8
0.514454 20
0.000959 53
0.077170 23
0.276485 6
0.475278 14
0.139994 20
0.113629 7
0.002109 8
0.000038 1
0.000052 2
0.000159 119
0.000083 30
0.000067 2
0.032202 113
0.000039 2
0.000014 36
0.000106 3
0.000233 7
0.001056 8
0.351882 20
0.002449 53
0.047629 23
0.562291 6
0.192405 14
0.128189 20
0.121755 165
0.024555 150
0.000356 7
0.001773 8
103.155810 9
0.003262 53
0.048701 103
0.147525 33
0.822794 1
0.310365 11
0.174509 18
0.762222 1
4.819165 1
0.270944 1
1.017026 1
0.073222 1
0.086608 1
0.413533 1
0.074040 1
0.620606 1
1.479165 1
0.096119 1
0.155842 1
0.106119 1
3.140069 9
0.179526 15
0.069351 15
1.307215 15
3.229656 7
0.009150 8
0.000109 1
0.000039 2
0.007266 118
0.000324 119
0.000187 26
0.000108 2
0.023456 109
0.000100 2
0.000106 36
0.000159 3
0.000156 7
0.000769 8
5.485054 51
0.158497 1
0.514337 1
0.038207 1
0.050694 1
0.050227 1
0.051554 1
0.050213 1
0.050729 1
0.049540 1
0.049887 1
0.050183 1
0.050733 1
0.052116 1
0.049497 1
0.050961 1
0.058348 1
0.185957 1
0.816879 50
0.145540 57
0.144287 64
0.645427 27
0.143526 64
0.145849 7
0.000785 11
0.002927 119
0.000266 26
0.000196 2
0.021731 109
0.000030 2
0.000018 36
0.000028 3
0.000168 7
0.000946 8
1.867105 11
0.006370 38
0.060165 18
0.114917 7
0.003202 8
0.000027 1
0.000012 2
0.001684 430
0.000164 119
0.000081 26
0.000043 2
0.016663 109
0.000052 2
0.000013 36
0.000027 3
0.000164 7
0.001123 8
36.389926 20
0.000710 66
0.725430 31
0.077814 42
0.068683 47
0.174402 6
1.341449 85
0.507900 15
0.739538 15
0.126132 15
0.124688 15
0.304779 15
0.067314 15
0.394042 15
0.676035 15
0.079495 15
0.120419 15
0.860387 7
0.002559 8
0.000044 1
0.000011 2
0.002873 147
0.020196 150
0.000066 7
0.000973 8
1.082923 11
0.001964 38
0.068133 18
0.127623 7
0.013205 11
0.007130 439
0.001001 119
0.000228 26
0.000217 2
0.028406 150
0.000202 7
0.001113 8
26.230033 12
1.129798 46
0.503267 95
0.220056 76
0.398234 20
0.384898 91
0.260002 116
0.526394 133
0.528258 123
0.273487 1
0.459789 125
0.874508 116
0.464171 1
0.504253 1
0.051980 1
0.057796 1
0.056965 1
0.056195 1
0.053231 1
0.053669 1
0.047554 1
0.050785 1
0.053062 1
0.046589 1
0.048899 1
0.050743 1
0.050353 1
0.057669 1
0.055753 1
0.051089 1
0.044373 1
0.048295 1
0.059738 1
0.222920 1
0.387168 4
0.456717 15
0.132001 15
0.515221 15
0.057580 15
0.043899 15
0.038214 15
0.049146 15
0.054787 15
0.051893 15
0.261468 15
0.180827 15
0.154931 15
0.199045 15
0.527597 15
0.029501 15
0.052687 15
0.050834 15
0.049824 15
0.057064 15
0.064532 15
0.050580 15
0.058994 15
0.047592 15
0.048819 15
0.047494 15
0.048250 15
0.365883 15
0.686119 27
0.466690 27
0.429313 27
0.214575 27
0.177352 27
1.921972 27
0.059569 27
1.309590 27
0.722580 27
0.117253 27
0.153588 27
0.527732 15
0.141870 15
0.681609 27
0.097781 27
0.762466 27
1.142370 27
0.120844 27
1.129671 4
0.504992 4
0.039659 4
0.050560 4
0.059760 4
0.047955 4
0.042694 4
0.049910 4
0.050925 4
0.057734 4
0.044824 4
0.050975 4
0.051043 4
0.051325 4
0.048757 4
0.050571 4
0.050008 4
0.515052 4
0.230123 4
0.164765 4
2.289314 7
0.030140 11
0.080507 31
3.731064 2
0.391874 1
0.000110 41
1.598953 2
0.195944 117
0.000824 119
0.008172 119
0.000183 28
0.062526 150
0.000234 7
0.001247 8
7.431065 20
0.001231 51
0.353954 23
0.151074 42
0.393705 47
0.229935 7
0.001673 8
0.000041 1
0.000011 2
0.000105 29
0.000011 2
0.000031 119
0.000047 26
0.000046 2
0.020503 109
0.000091 2
0.000035 36
0.000043 3
0.000306 7
0.002326 8
2.995211 20
0.000894 119
0.216559 31
0.527739 449
0.001901 79
0.067874 31
0.090074 31
1.095660 71
0.204292 287
0.000697 7
0.008946 11
0.005919 48
0.000283 2
0.097781 145
0.024678 150
0.000293 7
0.000741 8
19.624357 20
0.000533 51
0.076756 23
0.270310 42
0.040655 47
0.230746 7
0.001689 8
0.000054 1
0.000023 2
0.015539 14
0.000778 147
0.019640 150
0.000151 7
0.000875 8
1.087579 20
0.000880 51
0.075702 23
0.651034 42
0.077847 47
0.158999 7
0.008328 11
0.000237 31
0.000045 119
0.000123 26
0.000093 2
0.038672 150
0.000119 7
0.001129 8
1.396266 20
0.000784 51
0.100451 23
0.117078 42
0.161714 47
0.104521 7
0.001606 11
