0.018737 8
0.000303 79
4.329300 1
0.085744 1
0.168970 1
0.166952 1
0.140613 1
0.091672 82
0.932397 1
0.095384 1
0.105535 11
0.001554 113
0.000044 2
0.000028 100
0.000021 2
0.000025 87
0.000020 2
0.000025 98
0.000020 2
0.000024 94
0.000020 2
0.000232 71
7.625912 1
0.116025 1
1.716637 4
0.152653 4
1.973127 1
0.505252 1
0.122784 1
0.548791 1
0.072377 1
0.067837 1
8.160845 1
1.404164 1
0.481280 1
0.861703 1
0.169168 1
0.073370 1
0.902454 1
0.093033 1
0.445960 1
0.425306 1
0.135296 1
0.429046 1
0.268803 1
1.222815 1
0.099413 1
0.984856 11
0.005076 71
1.438293 1
0.059906 1
0.132905 11
0.001207 110
0.000033 2
0.000027 97
0.000021 2
0.000024 84
0.000020 2
0.000023 95
0.000020 2
0.000022 91
0.000020 2
0.000393 71
5.142023 1
0.090640 1
0.125344 1
0.500635 1
0.096719 1
0.089347 1
0.112240 1
1.391977 1
0.071850 1
0.228947 1
0.104206 1
1.052535 1
0.222516 1
0.744231 1
0.127707 1
0.082416 1
0.943618 1
1.335851 1
0.213772 1
0.188035 11
0.008636 71
0.975663 1
0.134998 1
0.139296 1
0.078569 1
1.760939 1
0.103735 1
0.178422 1
0.211768 1
0.243734 6
0.423101 11
0.004515 71
1.452106 1
0.158385 1
0.347399 11
0.001419 109
0.000046 2
0.000029 84
0.000021 2
0.000025 83
0.000020 2
0.000025 94
0.000021 2
0.000023 90
0.000021 2
0.000231 71
42.357012 1
0.115980 1
0.244465 1
0.087850 1
0.433520 17
