0.015607 8
0.000082 63
1.733060 1
0.105827 1
0.118350 2
0.000038 9
0.017541 110
0.000084 2
0.000043 111
0.000035 2
0.000039 91
0.000035 2
0.000476 71
108.209202 1
0.102006 1
0.146628 1
1.079391 1
0.134467 1
1.827922 1
20.964470 1
0.910895 1
0.326868 1
0.123320 1
0.196956 1
0.119786 1
0.395993 1
0.252510 1
0.157899 1
0.453680 1
0.105256 1
0.763620 1
0.354428 1
0.154681 1
0.087425 1
1.010582 1
0.500654 1
0.030268 1
0.031071 1
0.031093 1
0.030558 1
0.030286 1
0.030086 1
0.031119 1
0.031126 1
0.030361 1
0.030006 1
0.030341 1
0.170584 1
0.168186 1
0.199317 1
0.506160 9
0.705086 1
0.464939 3
2.979483 5
0.477203 5
58.301368 5
0.128981 5
104.736497 1
0.162606 1
0.156080 1
0.811751 9
0.181515 5
0.932833 5
7.532060 11
0.002475 71
2.537743 1
0.083115 1
0.120984 1
0.121616 1
0.865251 1
0.168052 1
0.220303 12
0.373711 11
0.001225 8
0.000057 2
0.000023 45
0.000021 2
0.000020 46
0.000019 2
0.000020 57
0.000020 2
0.000019 56
0.000019 2
0.000020 51
0.000019 2
0.000020 53
0.000019 2
0.000020 50
0.000019 2
0.000020 51
0.000019 2
0.000019 51
0.000020 2
0.000019 53
0.000019 2
0.000020 53
0.000019 2
0.000019 57
0.000020 2
0.000019 55
0.000020 2
0.000020 50
0.000019 2
0.000019 49
0.000019 2
0.000020 52
0.000019 2
0.000020 48
0.000019 2
0.000019 52
0.000020 2
0.000019 50
0.000019 2
0.000020 48
0.000019 2
0.000020 67
0.000019 2
0.000020 53
0.000019 2
0.000153 70
0.000023 2
0.000020 50
0.000020 2
0.000020 55
0.000019 2
0.000020 60
0.000019 2
0.000020 64
0.000020 2
0.000277 71
27.136668 1
0.138273 1
0.157913 1
0.121016 1
0.231467 17
