0.014586 8
0.000090 63
142.647758 1
0.323567 1
0.151275 1
0.075319 1
1.552131 1
0.199578 1
0.166658 1
0.241469 11
0.000623 26
0.000035 2
0.000396 71
13.856668 1
0.102763 1
0.200721 1
0.116672 1
0.408439 4
0.227515 1
0.123512 11
0.014264 8
0.000069 63
139.890234 1
0.290035 1
1.294605 1
0.627607 1
1.042117 1
0.194378 1
0.123570 1
3.212152 11
0.000533 26
0.000031 2
0.000248 71
5.082624 1
0.373144 1
1.313389 1
0.194503 1
0.252679 1
0.535190 82
9.640430 1
0.653421 1
0.131539 1
0.176913 1
1.954786 1
0.363832 1
0.727320 1
0.243525 1
0.099750 1
1.147524 1
0.353401 1
0.247124 1
0.492074 1
0.290016 1
0.118748 1
1.864725 1
1.314864 1
0.122801 1
0.876973 1
1.411075 1
0.343370 1
0.790449 4
0.139325 4
0.281353 1
0.385589 1
2.176496 1
0.485651 1
0.381939 1
1.156046 4
0.239073 1
1.159531 1
0.216209 7
1.277932 3
0.414647 3
2.225104 4
0.373572 4
0.850751 1
0.853760 1
1.688471 1
0.702830 1
0.123760 1
0.112858 1
1.936652 1
0.650733 1
1.980549 1
0.911489 1
1.678924 108
6.027251 1
0.221391 1
0.338182 1
0.158971 1
0.197428 1
0.029618 1
0.178975 1
1.658146 1
0.430897 1
0.280691 1
0.111206 1
0.462496 1
0.414276 1
0.141558 1
0.106011 1
0.108264 1
1.579068 1
0.960055 1
2.841027 1
0.447295 1
1.645357 1
0.083798 1
0.311347 1
0.975568 1
0.334028 1
0.159992 1
0.983878 1
1.086934 82
2.537003 1
0.558838 1
0.355895 1
0.223497 1
1.493536 1
1.405820 1
1.069466 1
0.234849 1
0.231671 1
0.125946 1
0.530305 1
0.479080 1
0.121079 1
0.128531 1
0.093162 1
1.255842 92
2.099911 1
0.265844 1
0.620570 1
0.153236 1
0.138841 1
0.055767 1
0.133841 1
1.030755 1
0.129296 1
0.160982 1
0.451962 1
0.201410 1
0.752144 1
0.402640 1
0.095951 1
0.177878 1
0.106975 1
2.056666 1
0.352894 1
1.054312 1
0.328766 1
0.927202 1
0.146104 1
0.652253 1
1.197381 82
2.606201 1
0.192953 1
0.415293 1
0.151898 1
0.217433 1
0.082419 1
0.622380 1
0.690091 1
0.161450 1
0.153700 1
0.442053 1
0.102823 1
1.024790 1
0.337964 1
0.156326 1
0.159132 1
0.107418 1
0.178949 82
2.354808 1
1.324722 1
0.169865 1
0.147534 1
0.510284 1
1.517825 1
0.513381 1
0.686487 1
0.234491 1
0.203505 1
0.401555 1
0.195560 1
0.622244 1
0.304665 1
0.093969 1
0.161164 1
0.093127 1
0.516317 96
22.959261 1
0.189765 1
0.216781 1
0.159358 1
0.131206 1
0.077723 1
0.120125 1
1.187217 1
0.215140 1
0.109267 1
0.444076 1
0.383431 1
1.012067 1
1.251325 82
0.894069 1
0.125919 1
0.594703 1
0.120053 1
0.129896 1
1.892182 1
1.037037 1
0.716774 1
0.195539 1
0.134657 1
1.230718 1
1.070469 1
0.981877 1
0.262197 1
0.117193 1
2.758362 1
2.453349 11
0.000850 29
0.000052 2
0.000326 71
1.266165 16
0.365953 1
0.205663 1
0.185787 1
0.500487 1
0.030616 1
0.029643 1
0.030529 1
0.030468 1
0.029859 1
0.030175 1
0.030165 1
0.029784 1
0.030603 1
0.396216 1
1.027810 5
0.134014 5
0.347857 87
3.368652 1
0.154151 1
0.385943 4
0.168939 1
0.386633 1
0.078318 1
1.059198 1
2.745170 1
0.477054 1
0.168671 1
0.119825 1
0.220476 84
4.730885 1
0.648013 1
0.196265 1
0.166481 1
1.489473 1
1.248437 1
1.409137 1
0.438210 1
0.194483 1
0.121602 1
3.460894 1
0.446629 1
0.670915 1
0.274671 1
0.127009 1
2.301751 1
3.310818 87
1.061283 1
0.119104 1
0.431093 1
0.135797 1
0.162652 1
0.062245 1
2.166286 1
0.343139 1
0.116305 1
0.371281 4
0.149343 4
0.127809 4
0.172090 1
0.566778 1
0.163910 1
0.112433 1
0.210354 1
1.491738 1
0.670660 1
0.160637 1
0.102315 1
0.190942 1
0.346684 1
0.233545 1
0.124275 1
0.094122 1
0.864154 1
0.126254 1
0.610944 1
0.074810 1
0.197204 1
0.063644 1
1.018223 1
0.471236 4
0.338228 1
1.198241 82
0.857613 1
0.148306 1
0.538038 4
0.158391 1
0.315655 1
0.164721 1
0.226521 1
1.443072 1
0.788797 1
0.140052 1
0.110506 1
0.233320 98
2.562293 1
0.725229 1
0.194150 1
0.106300 1
2.804870 1
0.489341 1
0.467912 1
0.526025 1
0.171893 1
0.119326 1
1.071918 1
0.857489 1
0.545669 1
0.426906 1
0.226575 1
1.241449 1
0.618467 87
145.679631 1
0.401176 1
0.166649 1
0.117349 1
0.515696 1
0.346294 1
0.116177 1
0.214751 1
0.450089 1
0.134575 1
0.244695 1
0.117143 1
0.332367 1
0.123571 1
0.251680 1
0.168651 1
0.591765 4
0.457899 1
0.084610 1
1.512052 1
0.690910 1
0.307989 1
0.188548 1
0.184476 1
0.447496 1
0.264962 1
0.224711 1
0.259340 1
0.245389 1
0.147165 1
0.241756 1
0.269543 1
0.483757 1
0.850760 1
6.017538 11
0.043641 1
0.000121 41
1.693605 2
0.131058 443
0.108245 82
0.000233 26
0.029368 165
6.568614 20
0.663860 31
0.170862 42
0.411141 40
1.032800 40
0.179738 60
0.374201 53
0.409498 60
1.467708 89
0.715244 1
0.115888 1
0.091891 1
0.588938 7
0.003072 121
0.020284 150
0.000051 7
0.000733 8
1.723520 20
0.003814 58
0.350632 31
0.112324 42
0.876782 40
0.498148 75
0.119118 60
1.110993 89
0.805978 1
0.516231 1
0.098803 1
0.407058 7
0.003217 121
0.017104 157
0.000998 8
0.653310 20
0.000645 58
0.262825 31
0.145504 42
0.313299 40
1.362671 75
0.141136 60
1.430854 89
0.453576 1
0.162834 1
0.215835 1
0.128703 1
0.158997 1
0.263316 7
0.003539 11
0.000441 108
0.000038 2
0.018372 147
0.000121 3
0.000364 7
0.001012 8
4.406107 20
0.000516 61
1.726953 31
0.159001 42
2.042080 83
2.269855 49
1.173454 19
0.854511 1
0.250235 1
0.230733 1
0.297985 1
0.597329 1
0.276196 1
0.268729 1
0.125230 1
0.104911 1
0.759398 1
0.483271 1
0.105435 1
0.202746 1
0.213296 1
0.128693 1
0.210945 1
0.183292 1
0.171735 1
0.583489 48
1.471124 7
0.005509 93
0.000034 28
0.019050 150
0.000243 7
0.001077 8
18.121169 20
0.000959 51
0.675815 45
0.000859 380
0.171616 42
0.101868 47
0.148416 6
2.377806 44
1.112906 19
0.847030 1
0.292984 1
0.164310 1
0.824526 19
0.388609 1
0.135766 41
1.994490 49
2.452504 1
0.469823 1
0.821609 19
0.507196 1
0.337819 1
0.161226 1
0.354950 19
1.298355 1
0.146128 41
0.317654 49
1.403521 7
0.007611 128
0.016202 150
0.000055 7
0.000809 8
14.399958 20
0.000804 73
0.800135 31
0.149022 42
0.104083 47
0.116470 6
4.278687 119
0.001125 49
0.209617 175
0.000649 50
0.162149 175
0.001992 51
0.173163 170
0.000979 73
0.132189 155
2.045192 20
0.001073 65
0.171282 31
0.265760 125
0.148349 31
0.655598 59
0.178587 1
0.695562 1
0.291019 1
0.140346 1
0.441316 19
0.544406 1
0.074125 41
1.864414 7
0.003526 11
0.000393 110
0.019325 157
0.001026 8
1.019790 20
0.000998 61
0.621687 31
0.213637 42
0.121451 31
0.269192 59
0.620723 6
0.228224 6
0.277776 6
0.162829 6
1.778266 21
0.000131 7
0.002822 11
0.000037 82
0.000136 26
0.000185 2
0.019222 109
0.000083 48
0.001157 8
16.900992 20
0.000856 105
0.140714 360
0.163388 42
0.405956 31
0.188462 59
0.170978 1
1.633697 1
0.159358 1
0.829104 11
0.331029 18
0.178489 18
0.489411 18
0.239791 18
0.117287 18
0.634210 18
6.019397 7
0.002591 121
0.019643 150
0.000029 7
0.000861 8
14.157798 20
0.000814 64
0.100909 31
0.158686 42
0.417832 102
0.070858 31
0.374227 34
0.145880 34
0.000456 41
0.093930 31
0.073390 59
1.473133 65
0.000959 7
0.002148 251
0.000270 110
0.019385 157
0.001353 8
2.932065 11
0.000589 54
0.307275 102
0.003721 11
0.001895 11
0.000404 82
0.000237 28
0.018694 157
0.000948 8
5.047819 20
0.000768 53
0.161033 31
0.156620 42
0.155107 31
0.138120 59
0.270826 7
0.001914 361
0.018134 157
0.000990 8
15.543682 11
0.232913 7
0.001680 11
0.007689 121
0.018869 157
0.001103 8
17.594411 20
0.000353 58
0.232209 23
0.087905 25
0.790174 6
0.123795 49
1.716428 15
0.184951 15
0.261312 15
0.094367 15
2.126685 15
0.251391 15
0.649667 7
0.002928 11
0.018424 88
0.003569 59
0.012577 69
0.000040 14
0.002635 940
0.019712 171
0.005073 932
31.691892 123
1.583378 25
0.000808 87
0.209715 25
0.000513 168
0.185072 24
0.000414 168
0.160191 25
0.000248 120
3.839659 67
0.335134 25
0.000234 44
0.499796 24
0.000205 46
0.030272 25
0.000211 46
0.030238 70
0.031816 69
0.028876 24
0.000380 46
0.029314 25
0.000640 45
0.029569 25
0.000492 42
0.030180 67
0.029970 24
0.000212 43
0.030522 24
0.000282 43
0.030412 24
0.000364 146
0.029960 23
0.000212 81
0.030439 23
0.000283 112
0.029554 24
0.000521 172
0.030340 177
0.029415 24
0.000265 43
0.029717 24
0.000692 42
0.030150 23
0.000299 44
0.030995 24
0.000383 43
0.030573 24
0.000241 40
0.029731 49
0.030739 48
0.029775 48
0.384481 24
0.000434 40
0.500141 67
0.028678 24
0.000198 42
0.031447 67
0.028874 24
0.000173 43
0.029552 24
0.000286 43
0.030180 24
0.000470 43
0.029412 65
0.029964 68
0.030314 24
0.000340 46
0.030576 25
0.000255 45
0.029960 25
0.000416 45
0.029340 25
0.000496 44
0.033201 24
0.000196 46
0.029914 25
0.000286 45
0.030687 25
0.000202 44
0.030073 24
0.000217 46
0.029982 25
0.000521 137
0.029477 25
0.000338 87
0.029481 25
0.000603 168
0.030573 24
0.000955 168
0.030057 25
0.000689 120
0.028858 25
0.000315 87
0.031187 25
0.001206 167
0.028872 24
0.000669 163
0.029313 25
0.000408 87
0.031111 25
0.000601 178
0.033579 25
0.001481 271
0.028840 24
0.000498 185
0.030823 25
0.000244 104
0.031445 111
0.032943 24
0.000870 166
0.849957 179
0.533260 25
0.000663 164
0.383805 129
0.153374 24
0.000438 86
0.208237 24
0.000761 178
0.216341 200
0.155394 183
0.123476 25
0.000585 126
0.162618 24
0.000374 86
0.214246 24
0.000684 192
0.248888 25
0.000942 215
0.168731 25
0.000719 161
0.073781 25
0.000930 169
0.160481 25
0.000787 156
0.219507 24
0.002711 149
0.147675 25
0.001667 120
0.152976 25
0.000556 119
0.115566 25
0.000595 104
0.114861 129
0.141713 25
0.000293 87
0.473198 25
0.000651 154
0.165837 24
0.000588 150
0.150098 25
0.000636 129
0.142519 154
0.138287 24
0.000521 130
0.256936 24
0.000484 130
0.073101 25
0.000387 87
0.181841 25
0.000908 197
0.273897 176
0.166057 25
0.000661 142
0.176046 25
0.000405 87
0.605887 25
0.000683 157
0.170881 181
0.296898 25
0.000539 123
0.264280 25
0.000965 234
0.131270 25
0.000638 157
0.152225 24
0.001449 184
0.535531 181
0.181335 25
0.000624 121
0.172116 25
0.000924 104
0.354497 193
0.208696 25
0.000684 110
0.207112 25
0.001550 768
0.184150 25
0.000169 45
0.210108 68
0.477766 24
0.000276 45
0.171965 25
0.001874 110
0.295457 71
0.344771 25
0.000868 46
0.172894 25
0.001096 408
0.157755 25
0.007211 299
0.134070 25
0.000470 106
0.370626 25
0.008716 132
0.386061 25
0.000977 190
0.356251 25
0.000732 180
0.686291 24
0.000049 104
0.187574 25
0.000644 151
0.374460 25
0.000366 87
0.159910 25
0.000510 152
0.365532 24
0.000697 154
0.409403 421
0.891747 24
0.000384 45
0.427196 25
0.000672 44
0.299621 24
0.000607 46
0.380189 129
0.191046 25
0.000734 274
0.165503 25
0.000443 42
0.279072 25
0.000476 43
0.180282 24
0.005103 85
0.179131 579
0.208104 24
0.000388 42
0.230932 24
0.000484 44
0.278312 376
0.375625 25
0.000805 255
0.390762 24
0.000393 46
0.510586 25
0.000282 88
0.156903 25
0.000757 209
0.171071 25
0.000484 135
0.178459 25
0.000524 168
0.219713 24
0.000520 171
0.185365 25
0.000685 171
2.191203 25
0.000518 169
0.153618 25
0.000842 164
0.210654 24
0.000379 88
0.236124 25
0.000805 199
0.175534 25
0.001241 198
0.230289 25
0.000956 200
0.217871 25
0.001188 207
0.243130 25
0.000894 202
0.685515 24
0.000764 203
4.252290 224
0.328990 130
0.219323 162
0.198187 25
0.000338 42
0.206138 25
0.000557 199
0.519596 67
0.194523 25
0.000536 85
0.183139 24
0.000375 124
0.177087 24
0.000602 155
0.172374 235
0.177092 112
0.149932 147
0.176891 25
0.000572 169
0.314165 25
0.000676 159
0.198618 25
0.000512 166
0.233379 25
0.000402 87
0.382416 24
0.000924 158
0.200514 25
0.000572 121
0.185738 130
0.180673 113
0.178185 194
0.144342 195
0.131116 25
0.000692 131
0.189911 25
0.000663 164
0.167585 24
0.000605 184
0.188787 172
0.169196 25
0.000780 210
0.168874 25
0.000562 45
0.185785 25
0.000402 105
6.719958 130
0.181811 25
0.000041 42
0.612622 25
0.001258 42
0.223122 25
0.000161 45
0.168606 25
0.000279 43
0.201269 66
0.179137 49
0.191953 48
0.186186 48
0.197572 49
0.199018 48
0.248927 48
0.437646 49
0.229465 48
0.315769 66
0.195190 24
0.000634 45
0.364480 68
0.210122 66
0.165877 49
0.139057 48
0.177398 48
0.164155 48
0.264319 66
0.182418 69
0.174428 25
0.000355 45
0.179084 67
0.142447 25
0.000599 42
0.173123 25
0.000848 45
0.163480 71
0.167973 25
0.000323 45
0.148648 25
0.000422 42
0.162999 69
0.173708 68
0.198415 24
0.000345 45
0.197069 25
0.000363 44
0.166589 25
0.000420 42
0.191162 23
0.000361 44
0.193561 64
0.198351 65
0.200599 24
0.000482 122
0.188648 24
0.000439 85
0.197106 23
0.000692 195
0.195714 64
0.206445 24
0.000635 133
0.263018 24
0.000486 86
0.218952 24
0.001048 101
0.195342 23
0.001349 311
0.200339 224
0.503027 24
0.000844 203
0.186698 23
0.001507 194
0.228326 218
2.611724 220
0.215791 110
0.227394 24
0.000885 162
0.234861 24
0.000510 166
1.508920 24
0.000580 168
0.229119 24
0.000535 168
0.191821 24
0.000484 165
0.178481 23
0.000345 86
0.219501 24
0.001037 131
0.290262 153
0.179513 24
0.000632 162
0.203972 24
0.000865 86
0.213614 24
0.000976 251
0.216556 23
0.000248 44
0.211254 24
0.000999 345
0.186875 24
0.000052 43
0.187023 24
0.000921 157
0.185999 23
0.001016 171
0.180567 24
0.000773 264
0.233958 128
0.205741 24
0.000494 102
0.221819 24
0.000244 101
0.217800 23
0.000334 102
0.501734 24
0.000663 304
0.172930 23
0.000714 145
0.203875 23
0.000418 149
0.203660 23
0.001822 149
0.192847 23
0.000404 83
0.225624 23
0.000741 148
0.195179 24
0.000348 101
0.205905 24
0.000603 179
0.411034 24
0.000288 103
0.413513 24
0.000525 129
0.191999 23
0.000516 222
0.450089 24
0.000612 127
0.228198 23
0.000626 198
0.197687 24
0.001034 292
0.195176 23
0.000394 44
0.211032 24
0.000221 43
0.188098 24
0.000329 109
0.202630 24
0.001426 376
0.201434 23
0.000458 107
0.178453 24
0.009569 755
0.196415 24
0.000102 43
0.416901 24
0.005681 107
0.190316 24
0.001822 252
0.222520 24
0.000884 154
0.193456 24
0.000624 155
0.407297 24
0.000680 229
0.168019 23
0.000416 120
0.227168 24
0.000398 154
0.196432 24
0.000532 155
0.212385 24
0.000349 180
0.231395 24
0.000986 234
0.228933 24
0.000570 148
0.218626 24
0.000434 194
0.831547 24
0.001350 206
0.243594 24
0.001958 243
0.198596 23
0.000405 128
0.232200 24
0.000359 129
0.247569 24
0.000284 223
0.856570 24
0.000711 241
5.110343 23
0.000531 248
0.233140 24
0.000316 85
0.234964 24
0.000372 101
0.295939 125
0.695869 24
0.000418 116
0.254406 127
1.368722 24
0.000677 118
3.686565 23
0.001021 152
0.280016 23
0.000634 164
0.294519 23
0.000711 158
0.201350 24
0.000930 210
0.179474 23
0.000713 189
0.176988 24
0.000352 85
0.183484 24
0.000475 125
0.195137 24
0.000547 155
0.195334 24
0.000493 172
3.454276 225
0.214897 24
0.001259 105
0.212487 23
0.000337 103
0.224267 24
0.000438 161
0.209880 24
0.000423 151
0.206593 24
0.000675 163
0.250872 24
0.000178 84
0.949773 122
0.206915 23
0.000526 182
0.215516 24
0.000980 270
0.218756 24
0.000937 175
0.638108 24
0.000630 84
0.509471 23
0.000810 158
0.207994 23
0.000543 166
0.217301 24
0.000293 85
0.295623 24
0.000245 117
0.465927 24
0.000453 164
1.587408 23
0.000520 167
0.184340 24
0.000326 85
0.741173 24
0.000458 133
0.223540 23
0.002001 140
0.399889 24
0.001417 160
0.586429 24
0.000910 85
0.248019 24
0.001529 127
0.222319 23
0.000818 124
0.238301 24
0.000386 168
0.252346 24
0.000427 85
0.487901 24
0.000337 131
1.008018 23
0.000447 147
0.194612 24
0.000374 85
0.201153 24
0.000664 125
0.490047 24
0.000808 127
0.441139 23
0.000423 171
0.190890 24
0.000217 85
0.221045 24
0.000393 101
0.198509 23
0.000458 118
0.209813 24
0.000678 114
0.222487 24
0.000283 130
0.285659 24
0.000459 146
0.863974 23
0.000288 81
0.208125 23
0.000526 112
0.201668 24
0.000602 172
0.237079 24
0.000433 153
0.390001 24
0.000270 43
0.213747 24
0.000284 42
0.250726 23
0.000219 44
0.230544 24
0.000204 43
0.228457 24
0.000213 40
1.366032 64
0.240208 67
0.554203 24
0.000169 42
5.491585 23
0.000223 44
0.539308 24
0.000186 42
0.198548 67
0.187310 24
0.000034 43
0.169094 24
0.000321 40
0.479394 24
0.000453 40
0.229487 24
0.000283 43
0.174467 24
0.000275 42
0.887309 23
0.000323 44
0.732081 24
0.000082 43
19.123083 24
0.000246 43
0.675561 24
0.000159 43
0.258375 24
0.000327 41
0.914568 68
0.500082 24
0.000497 46
0.029407 25
0.000174 45
0.034555 70
0.026088 25
0.000482 44
0.029759 24
0.000404 46
0.029643 25
0.000164 45
0.029706 25
0.000394 44
0.029254 24
0.000227 46
0.030104 25
0.000668 137
0.030024 25
0.000179 87
0.030617 25
0.000594 168
0.029691 24
0.000865 168
0.029474 25
0.000350 120
0.029945 25
0.000352 87
0.029968 25
0.000868 167
2.485727 24
0.000848 163
0.498217 25
0.000299 87
0.030826 25
0.000607 178
0.033236 25
0.000790 271
0.030358 209
0.031192 129
0.032821 111
0.031988 190
0.034295 179
0.031147 25
0.000314 164
0.031553 25
0.000478 104
0.030471 24
0.000459 86
0.027543 24
0.000738 178
0.030486 25
0.000294 175
0.028261 25
0.000536 158
0.029668 25
0.000531 126
0.029621 24
0.000361 86
0.029750 24
0.000741 192
0.029103 25
0.000988 215
0.030128 25
0.000728 161
0.030636 25
0.000841 169
0.031048 25
0.000770 156
0.029745 24
0.002800 149
0.030860 25
0.001581 120
0.029761 144
0.919930 68
0.496139 25
0.002145 69
0.028481 2