0.056038 108
0.023196 150
0.000393 7
0.000920 8
28.052802 20
0.002465 58
0.211633 31
0.604844 42
0.129765 31
0.102373 59
1.307328 6
0.670895 27
0.677614 1
0.092655 1
1.319734 1
0.093903 1
1.794778 1
0.484743 1
0.114759 1
0.999828 1
0.098807 1
0.805741 1
0.082172 1
3.058074 7
0.010968 8
0.000384 1
0.000336 2
0.007411 110
0.070958 150
0.000404 7
0.003127 8
36.239670 21
0.072955 33
0.138309 1
1.456316 1
0.182303 35
0.155724 13
1.376842 20
0.002116 53
0.066227 23
0.897747 50
0.002898 53
0.145910 41
0.440644 11
0.003160 38
0.084812 18
0.138464 7
0.011184 8
0.000185 1
0.000084 2
0.007056 554
0.000995 82
0.000845 26
0.000619 2
0.047946 109
0.000344 2
0.000065 36
0.000189 3
0.000239 7
0.000982 8
4.995359 20
0.000596 62
0.088535 23
0.107041 25
0.120675 6
1.232656 14
0.094799 20
0.151180 20
0.092141 20
0.398525 48
0.209985 15
0.132416 15
0.248488 15
0.189148 7
0.011390 8
0.000344 1
0.000611 2
0.113708 88
0.003909 55
0.003006 13
0.000045 29
0.000023 23
0.000027 4
0.000023 14
0.000639 1946
0.004283 100
0.000069 71
0.000086 156
0.000792 1976
0.000086 37
1.234006 104
1.192892 30
0.133027 28
0.118495 28
0.144035 28
0.059430 27
0.673698 28
0.175406 28
0.638903 28
0.197812 30
1.081535 38
0.101150 17
0.000968 31
0.456809 46
0.222723 1
0.102841 1
0.068984 1
0.000023 36
0.000100 10
0.021086 16
0.000412 15
0.000025 55
0.001070 110
0.016846 109
0.000132 2
0.000130 36
0.000236 3
0.000248 7
0.000965 8
5.725973 20
0.002010 61
0.052980 23
0.117828 25
0.087327 6
1.815783 55
0.043054 1
0.340459 1
0.084275 1
0.139130 1
0.186074 1
1.820838 1
0.118728 1
0.164310 1
0.109838 1
0.117912 1
0.628385 1
0.140941 1
0.063583 1
0.619784 7
0.011947 8
0.000340 1
0.000655 2
0.038216 88
0.002664 60
0.017427 83
0.000511 1946
0.027685 100
0.000190 227
0.001081 2018
1.341598 21
0.000014 83
3.529025 30
0.105125 28
0.541890 28
0.080181 28
0.089452 27
1.043668 28
0.098139 28
1.296633 38
0.100959 47
0.480165 46
0.246370 1
0.096210 1
0.131280 53
0.020383 201
0.019275 150
0.000295 7
0.001187 8
1.588106 11
0.000768 38
0.060988 18
0.118095 7
0.011813 11
0.006299 105
0.000390 2
0.000329 100
0.000528 2
0.000268 100
0.000398 2
0.000358 88
0.000383 2
0.000267 84
0.000305 2
0.000257 65
0.000438 2
0.001808 82
0.000445 28
0.052779 150
0.000197 7
0.000937 8
1.208317 20
0.000853 53
0.096095 44
0.092936 1
1.441367 9
0.064575 15
0.179868 15
0.073468 15
0.991837 15
0.080089 15
0.129575 15
0.552904 15
0.204809 1
4.396361 9
0.836137 15
0.130923 15
0.681710 15
0.097444 15
0.316228 15
0.384786 15
0.153856 15
0.901854 15
0.119966 15
0.463452 15
0.167361 15
0.591331 7
0.016540 11
0.010388 110
0.026141 150
0.000108 7
0.001023 8
1.506836 11
0.002880 38
0.090414 18
0.111194 7
0.005675 11
0.001794 105
0.000119 2
0.000076 100
0.000126 2
0.000059 100
0.000098 2
0.000063 88
0.000140 2
0.000089 84
0.000090 2
0.000083 65
0.000089 2
0.000377 82
0.000082 26
0.000182 2
0.016244 150
0.000128 7
0.000870 8
1.550366 20
0.002732 73
0.073043 160
0.002679 30
0.107668 6
0.566472 21
0.283261 26
0.290420 17
0.000174 7
0.003372 134
0.020476 163
0.000167 7
0.000863 8
0.878485 11
0.001960 38
0.065764 18
0.118451 7
0.010567 11
0.006565 10
0.001420 123
0.017863 163
0.000227 7
0.001114 8
1.131524 20
0.002541 64
0.059457 23
0.271959 6
0.288812 85
0.004624 26
0.082782 20
0.184553 7
0.009628 11
0.001091 82
0.000073 28
0.021476 150
0.000344 7
0.001098 8
0.524938 23
0.171000 36
0.144494 40
0.708877 88
0.563932 40
0.179398 88
0.442898 30
0.326433 33
2.807968 20
0.002718 53
0.090064 44
0.004841 51
0.097502 6
2.212469 139
0.105566 15
0.282357 15
0.075508 15
0.161816 15
0.138774 15
0.779451 15
0.097422 15
0.132598 15
0.999728 15
0.132149 15
0.900109 15
0.092769 15
0.131556 15
0.052129 1
1.755001 9
0.738904 15
0.303592 25
0.650389 17
0.000309 7
0.003705 8
0.000113 1
0.000046 2
0.002058 82
0.000249 26
0.000116 2
0.017851 109
0.000129 2
0.000036 36
0.000056 3
0.000344 7
0.000996 8
0.771643 11
0.001311 38
0.549477 15
0.630345 20
0.001489 79
0.104880 196
0.002732 30
0.360726 6
0.568128 21
0.005022 40
0.492514 20
0.064270 20
0.700145 105
0.283131 17
0.001103 7
0.004489 11
0.000125 121
0.000029 2
0.025421 163
0.000227 7
0.001981 8
0.944769 11
0.003370 38
0.091692 18
0.125091 7
0.009570 11
0.001732 26
0.000532 82
0.000370 41
0.016814 163
0.000235 7
0.001046 8
112.154830 11
0.003579 52
0.702854 96
0.132309 42
0.625584 45
0.132555 42
0.828443 31
0.033352 59
0.138663 1
0.823742 1
0.000077 2
0.001171 12
0.000095 2
0.000024 15
0.000021 2
0.000021 78
0.000021 2
0.000021 15
0.000020 2
0.000021 78
0.000020 2
0.000021 74
0.000021 2
0.000024 74
0.000034 2
0.000037 74
0.000035 2
0.000037 74
0.000037 2
0.000039 74
0.000040 2
0.000028 74
0.000021 2
0.000025 74
0.000036 2
0.000038 74
0.000039 2
0.000099 74
0.000041 2
0.000020 74
0.000020 2
0.000022 74
0.000032 2
0.000031 74
0.000037 2
0.000037 74
0.000038 2
0.000025 15
0.000020 2
0.000022 126
0.000063 31
0.000285 1
5.627719 9
0.908700 15
0.744403 15
0.990359 15
0.118821 25
1.227738 39
0.002409 6
0.000151 117
0.000096 1
1.729391 67
0.327284 15
0.137720 24
1.106344 16
3.789109 1
0.138691 1
1.281391 1
1.262338 1
0.151211 1
0.152944 1
0.213860 1
0.246686 1
0.179537 1
0.195511 1
0.270033 1
0.223672 1
0.099991 1
0.262130 1
0.368503 1
0.167679 1
0.133495 1
2.548967 1
1.218916 1
1.465032 1
1.107351 7
0.010335 8
0.000138 1
0.000119 2
0.000127 3
0.077490 1
0.000267 30
3.972263 2
0.360703 33
0.042933 123
0.018185 122
0.000137 2
0.000246 36
0.000222 3
0.000265 7
0.000987 8
154.693899 164
37.879636 20
0.003392 64
0.084568 23
0.387799 6
0.244999 85
0.002556 26
0.098633 20
0.137425 7
0.002927 11
0.000471 105
0.000133 26
0.000246 2
0.024620 109
0.000215 2
0.000108 36
0.000277 3
0.000922 7
0.002365 8
0.615367 23
0.149110 92
1.762142 7
0.018813 11
0.060060 1
0.000103 30
3.121956 2
0.216106 33
0.042639 105
0.000174 28
0.017751 150
0.000166 7
0.001002 8
6.755768 59
0.175742 1
0.499353 1
0.024214 1
0.030761 1
0.030697 1
0.035629 1
0.024817 1
0.034548 1
0.032293 1
0.023574 1
0.030599 1
0.036501 1
0.025346 1
0.030083 1
0.029758 1
0.030150 1
0.036311 1
0.035480 1
0.023638 1
0.030177 1
0.264771 1
0.819963 41
1.043147 125
1.220107 4
0.500410 4
0.030817 4
0.022613 4
0.038199 4
0.028491 4
0.030352 4
0.029464 4
0.030733 4
0.026423 4
0.028474 4
0.030154 4
0.030297 4
0.030589 4
0.030341 4
0.031510 4
0.028423 4
0.029813 4
0.035136 4
0.025781 4
0.035928 4
1.390713 1
1.069144 1
0.128682 1
0.190355 1
0.550840 1
0.229448 1
0.495056 1
0.157479 1
0.669058 1
0.224427 1
0.471449 1
0.180994 1
0.337828 7
0.004069 11
0.058294 1
0.000175 30
3.033391 2
0.441130 105
0.000026 26
0.000133 2
0.020692 150
0.000362 7
0.001050 8
98.377145 20
0.002719 53
0.058316 23
0.181528 6
0.622411 21
0.000783 40
0.239800 125
0.137504 17
0.000272 7
0.005171 8
0.000051 1
0.000017 2
0.000217 105
0.000098 39
0.000055 2
0.042041 122
0.000083 2
0.001768 36
0.000159 3
0.000545 7
0.002218 8
2.554777 20
0.000547 67
0.074539 23
0.096175 25
0.081955 6
0.824366 1
0.000044 2
0.000123 15
0.000018 2
0.000012 77
0.000022 69
0.000130 1
1.547347 144
0.416934 7
0.002712 8
0.000037 1
0.000011 2
0.000009 3
0.018519 88
0.000679 54
0.000018 7
0.002863 83
0.000457 1986
0.000076 1024
0.002022 171
0.000220 156
0.001143 2035
0.000259 1048
1.185454 23
0.001645 38
0.181188 23
0.000359 38
0.159888 23
0.000330 38
0.152237 23
0.000364 38
0.152277 23
0.000386 38
0.118109 23
0.000293 38
0.850694 21
0.000107 83
1.168494 27
0.307902 38
1.037363 28
0.081016 28
0.116639 28
0.343324 28
0.441485 28
0.098738 28
1.258688 38
0.125980 16
0.000624 31
0.551310 46
0.251838 1
0.092525 1
0.251266 53
0.022145 16
0.001699 216
0.018232 163
0.000148 7
0.001190 8
40.098298 36
0.534582 102
0.349328 108
0.473633 1
0.507477 1
0.028968 1
0.030695 1
0.023137 1
0.030095 1
0.030305 1
0.030385 1
0.035449 1
0.029580 1
0.027381 1
0.027393 1
0.030762 1
0.030491 1
0.038990 1
0.030361 1
0.027153 1
0.024315 1
0.035850 1
0.029944 1
0.032827 1
0.028071 1
0.030008 1
0.029567 1
0.024296 1
0.030353 1
0.030820 1
0.029059 1
0.029930 1
0.029608 1
0.030299 1
0.031937 1
0.029403 1
0.030248 1
0.031258 1
0.028953 1
0.038774 1
0.022883 1
0.029922 1
0.030467 1
0.030898 1
0.029947 1
0.037048 1
0.027925 1
0.026748 1
0.030256 1
0.029856 1
0.031131 1
0.030521 1
0.032869 1
0.744228 73
1.108771 70
0.699961 15
0.270457 80
0.793527 87
0.304475 87
6.134320 7
0.005048 11
0.052972 1
0.000466 30
3.263108 2
0.218731 31
0.002204 10
0.000204 128
0.000155 112
0.043468 105
0.000023 39
0.000127 2
0.025259 163
0.000139 7
0.001038 8
10.444987 97
0.265480 7
0.018359 11
0.069374 1
0.000104 30
3.238987 2
0.216597 31
0.044474 105
0.000139 41
0.017501 163
0.000217 7
0.000967 8
4.446709 97
0.152075 183
0.131951 102
0.589901 108
0.431261 91
1.141652 108
0.546646 91
0.176041 95
0.544850 7
0.012602 11
0.063123 8
0.000136 47
0.000084 26
0.000078 7
0.000612 54
0.000165 8
0.002888 13
0.000131 29
0.000067 23
0.000066 4
0.000092 14
0.000577 2008
0.000334 914
0.005692 100
0.000113 71
0.000090 156
0.001417 2044
0.000511 939
1.700288 21
0.000014 83
1.520848 29
1.050168 38
0.433113 27
0.127830 28
1.109132 38
0.110030 47
0.800005 46
0.537957 1
0.051288 1
0.226975 53
0.020673 16
0.005814 216
0.030274 163
0.000256 7
0.001153 8
0.917371 36
0.141706 188
0.438330 7
0.032465 8
0.000415 1
0.000859 2
0.109501 1
0.000434 30
2.890493 2
0.229515 31
0.001262 128
0.043074 105
0.000131 41
0.019406 163
0.000179 7
0.001246 8
200.311060 20
0.002883 51
0.070911 23
0.238784 42
0.064640 47
0.155774 7
0.007729 11
